00 00 00 00 00 00 00 00 00 00 00 00 00 00 00 00 00 00 00 00 00 00 00 00 Null [0] ((0, 0, 0))
00 00 00 00 00 00 00 00 1F C0 32 EE 16 00 00 80 00 B4 49 05 37 01 00 00 Big Plumberry Tree [31] ((982, 12, 1143))
00 00 00 00 00 00 00 00 0E E2 30 3C 26 00 00 02 40 53 4A 05 37 01 00 00 Worn-Out Workbench [526] ((999, 12, 1150))
D0 62 1D 04 37 01 00 00 1B 42 31 3C 36 00 00 02 70 52 4A 05 37 01 00 00 Wooden Workbench Lv. MAX [539] ((1002, 12, 1150))
E8 62 1D 04 37 01 00 00 DA A7 31 3C 46 00 00 82 A0 51 4A 05 37 01 00 00 Iron Workbench Lv. MAX [2010] ((1005, 12, 1150))
00 63 1D 04 37 01 00 00 B1 05 32 3C 56 00 00 02 D0 50 4A 05 37 01 00 00 Stone Workbench Lv. MAX [1457] ((1008, 12, 1150))
18 63 1D 04 37 01 00 00 68 68 32 3C 66 00 00 02 00 50 4A 05 37 01 00 00 Infernal Workbench Lv. MAX [2152] ((1011, 12, 1150))
30 63 1D 04 37 01 00 00 EF C9 32 3C 76 00 00 02 30 4F 4A 05 37 01 00 00 Builder’s Workbench Lv. MAX [2543] ((1014, 12, 1150))
48 63 1D 04 37 01 00 00 1C 42 33 3C 86 00 00 02 60 4E 4A 05 37 01 00 00 Carpenter’s Workstation [540] ((1018, 12, 1150))
60 63 1D 04 37 01 00 00 9E A0 33 3C 96 00 00 02 90 4D 4A 05 37 01 00 00 Welder’s Workbench [158] ((1021, 12, 1150))
00 00 00 00 00 00 00 00 9D 00 30 3C A6 00 00 02 90 A8 4A 05 37 01 00 00 Machinist’s Workbench [157] ((1024, 12, 1150))
90 63 1D 04 37 01 00 00 7E 84 30 3C B6 00 00 02 C0 A7 4A 05 37 01 00 00 Wizard’s Workbench [1150] ((1028, 12, 1150))
A8 63 1D 04 37 01 00 00 09 E1 30 3C C6 00 00 02 F0 A6 4A 05 37 01 00 00 Anvil [265] ((1031, 12, 1150))
C0 63 1D 04 37 01 00 00 CD EB 30 38 D6 00 00 02 20 A6 4A 05 37 01 00 00 Kitchen Counter [3021] ((1031, 12, 1148))
D8 63 1D 04 37 01 00 00 5C 22 31 3C E6 00 00 02 50 A5 4A 05 37 01 00 00 Stain Extractor [604] ((1033, 12, 1150))
F0 63 1D 04 37 01 00 00 9B 60 31 3C F6 00 00 02 80 A4 4A 05 37 01 00 00 Sewing Station [155] ((1035, 12, 1150))
78 63 1D 04 37 01 00 00 37 E3 30 36 06 01 00 02 C0 4C 4A 05 37 01 00 00 Simple Door [823] ((999, 12, 1147))
20 64 1D 04 37 01 00 00 42 20 31 36 16 01 00 82 F0 4B 4A 05 37 01 00 00 Porched Window [66] ((1001, 12, 1147))
38 64 1D 04 37 01 00 00 A2 62 31 36 26 01 00 82 20 4B 4A 05 37 01 00 00 Täbel Låmpe [674] ((1003, 12, 1147))
50 64 1D 04 37 01 00 00 83 A2 31 36 36 01 00 82 50 4A 4A 05 37 01 00 00 Watchfire [643] ((1005, 12, 1147))
68 64 1D 04 37 01 00 00 66 E5 31 36 46 01 00 02 80 49 4A 05 37 01 00 00 Bathing Stool [1382] ((1007, 12, 1147))
80 64 1D 04 37 01 00 00 6D 22 32 36 56 01 00 02 B0 48 4A 05 37 01 00 00 Scarecrow [621] ((1009, 12, 1147))
98 64 1D 04 37 01 00 00 F5 61 32 36 6A 01 00 02 E0 47 4A 05 37 01 00 00 Pet Bowl [501] ((1011, 12, 1147))
B0 64 1D 04 37 01 00 00 28 E4 32 32 76 01 00 02 10 47 4A 05 37 01 00 00 Connecting Couch Midsection [1064] ((1015, 12, 1145))
C8 64 1D 04 37 01 00 00 2A A4 32 32 86 01 00 02 40 46 4A 05 37 01 00 00 Couch Corner [1066] ((1013, 12, 1145))
E0 64 1D 04 37 01 00 00 27 24 33 32 96 01 00 02 70 45 4A 05 37 01 00 00 Left-Armed Couch [1063] ((1017, 12, 1145))
F8 64 1D 04 37 01 00 00 29 64 33 32 A6 01 00 02 A0 44 4A 05 37 01 00 00 Right-Armed Couch [1065] ((1019, 12, 1145))
10 65 1D 04 37 01 00 00 61 A0 33 32 B6 01 00 02 D0 43 4A 05 37 01 00 00 Straw Mattress [97] ((1021, 12, 1145))
28 65 1D 04 37 01 00 00 EE E4 33 32 CA 01 00 02 00 43 4A 05 37 01 00 00 Wooden Toilet [1262] ((1023, 12, 1145))
08 64 1D 04 37 01 00 00 6D 20 30 32 DA 01 00 02 B0 A3 4A 05 37 01 00 00 Bathtub [109] ((1025, 12, 1145))
58 65 1D 04 37 01 00 00 24 83 30 32 EA 01 00 82 E0 A2 4A 05 37 01 00 00 Basic Bathtub [804] ((1028, 12, 1145))
70 65 1D 04 37 01 00 00 59 80 30 76 F6 01 00 02 10 A2 4A 05 37 01 00 00 Dressing Table [89] ((1028, 12, 1147))
40 65 1D 04 37 01 00 00 38 C0 33 76 06 02 00 02 30 42 4A 05 37 01 00 00 Washtub [56] ((1022, 12, 1147))
A0 65 1D 04 37 01 00 00 E5 44 33 76 14 02 00 02 60 41 4A 05 37 01 00 00 Fungusbord [1253] ((1018, 12, 1147))
B8 65 1D 04 37 01 00 00 30 89 33 F6 24 02 00 02 90 40 4A 05 37 01 00 00 Soup and Salad Set [2352] ((1020, 12, 1147))
D0 65 1D 04 37 01 00 00 F8 64 32 32 36 02 00 02 C0 3F 4A 05 37 01 00 00 Drawer [1272] ((1011, 12, 1145))
E8 65 1D 04 37 01 00 00 66 20 32 32 46 02 00 02 F0 3E 4A 05 37 01 00 00 Chest Of Drawers [102] ((1009, 12, 1145))
00 66 1D 04 37 01 00 00 9B E5 31 32 54 02 00 02 20 3E 4A 05 37 01 00 00 Simple Supper Set [1435] ((1007, 12, 1145))
18 66 1D 04 37 01 00 00 58 A0 31 32 64 02 00 02 50 3D 4A 05 37 01 00 00 Crockery [88] ((1005, 12, 1145))
30 66 1D 04 37 01 00 00 E3 64 31 32 74 02 00 02 80 3C 4A 05 37 01 00 00 Full Flagon [1251] ((1003, 12, 1145))
48 66 1D 04 37 01 00 00 82 24 31 32 84 02 00 02 B0 3B 4A 05 37 01 00 00 Cactail [1154] ((1001, 12, 1145))
60 66 1D 04 37 01 00 00 71 EB 30 32 94 02 00 02 E0 3A 4A 05 37 01 00 00 Coloured Cup [2929] ((999, 12, 1145))
78 66 1D 04 37 01 00 00 FC AA 30 32 A4 02 00 02 10 3A 4A 05 37 01 00 00 Rice Ball Arrangement [2812] ((997, 12, 1145))
90 66 1D 04 37 01 00 00 39 A0 30 B6 B6 02 00 02 40 39 4A 05 37 01 00 00 Signpost [57] ((997, 12, 1147))
A8 66 1D 04 37 01 00 00 F3 64 30 32 C6 02 00 02 70 38 4A 05 37 01 00 00 Fancy Signpost [1267] ((995, 12, 1145))
C0 66 1D 04 37 01 00 00 72 62 30 B6 D6 02 00 02 A0 37 4A 05 37 01 00 00 Community Chest [626] ((995, 12, 1147))
D8 66 1D 04 37 01 00 00 77 2B 30 32 E6 02 00 02 D0 36 4A 05 37 01 00 00 Gift-Wrapped Gift [2935] ((993, 12, 1145))
F0 66 1D 04 37 01 00 00 F7 24 30 B6 F6 02 00 02 00 36 4A 05 37 01 00 00 Cupboard [1271] ((993, 12, 1147))
08 67 1D 04 37 01 00 00 67 A0 30 3A 0A 03 00 02 30 35 4A 05 37 01 00 00 Wardrobe [103] ((997, 12, 1149))
20 67 1D 04 37 01 00 00 B0 68 30 3A 16 03 00 02 60 34 4A 05 37 01 00 00 Storage Bay [2224] ((995, 12, 1149))
38 67 1D 04 37 01 00 00 19 2B 30 3A 2A 03 00 02 90 33 4A 05 37 01 00 00 Wooden Cabinet [2841] ((993, 12, 1149))
B8 62 1D 04 37 01 00 00 B3 A0 33 3A 36 03 00 02 30 B3 49 05 37 01 00 00 Colossal Coffer [179] ((989, 12, 1149))
68 67 1D 04 37 01 00 00 B4 C0 33 32 4A 03 00 02 60 B2 49 05 37 01 00 00 Armoire [180] ((990, 12, 1145))
80 67 1D 04 37 01 00 00 F2 84 33 32 58 03 00 02 90 B1 49 05 37 01 00 00 Price Tag [1266] ((988, 12, 1145))
98 67 1D 04 37 01 00 00 70 40 33 32 66 03 00 02 C0 B0 49 05 37 01 00 00 Item Display Stand [112] ((986, 12, 1145))
B0 67 1D 04 37 01 00 00 B6 00 33 32 76 03 00 02 F0 AF 49 05 37 01 00 00 Equipment Display Stand [182] ((984, 12, 1145))
C8 67 1D 04 37 01 00 00 46 02 33 2E 84 03 00 02 20 AF 49 05 37 01 00 00 Residents’ Register [582] ((984, 12, 1143))
E0 67 1D 04 37 01 00 00 31 82 33 2E 96 03 00 02 50 AE 49 05 37 01 00 00 Postbox [561] ((988, 12, 1143))
F8 67 1D 04 37 01 00 00 8A 65 33 B6 A6 03 00 02 80 AD 49 05 37 01 00 00 Salutation Station [1418] ((987, 12, 1147))
10 68 1D 04 37 01 00 00 A7 28 33 36 B6 03 00 02 B0 AC 49 05 37 01 00 00 Horizontal Pipe [2215] ((985, 12, 1147))
28 68 1D 04 37 01 00 00 A9 E8 36 36 C6 03 00 02 E0 AB 49 05 37 01 00 00 Left-to-Bottom Bent Pipe [2217] ((983, 13, 1147))
40 68 1D 04 37 01 00 00 A9 C8 32 36 D6 03 00 0A 10 AB 49 05 37 01 00 00 Left-to-Bottom Bent Pipe [2217] ((982, 12, 1147))
58 68 1D 04 37 01 00 00 A9 E8 32 36 E6 03 00 0E 40 AA 49 05 37 01 00 00 Left-to-Bottom Bent Pipe [2217] ((983, 12, 1147))
70 68 1D 04 37 01 00 00 A9 C8 36 36 F6 03 00 06 70 A9 49 05 37 01 00 00 Left-to-Bottom Bent Pipe [2217] ((982, 13, 1147))
88 68 1D 04 37 01 00 00 68 80 32 36 06 04 00 82 A0 A8 49 05 37 01 00 00 Grandfather Clock [104] ((980, 12, 1147))
A0 68 1D 04 37 01 00 00 D2 4B 32 36 16 04 00 02 D0 A7 49 05 37 01 00 00 Gramophone [3026] ((978, 12, 1147))
B8 68 1D 04 37 01 00 00 55 4B 33 3C 26 04 00 02 00 A7 49 05 37 01 00 00 Ward of Erdrick [2901] ((986, 12, 1150))
D0 68 1D 04 37 01 00 00 01 00 33 3A 34 04 00 02 30 A6 49 05 37 01 00 00 Grass [1] ((984, 12, 1149))
E8 68 1D 04 37 01 00 00 02 00 33 3E 44 04 00 02 60 A5 49 05 37 01 00 00 Stalwort [2] ((984, 12, 1151))
00 69 1D 04 37 01 00 00 2A C0 32 3A 56 04 00 02 90 A4 49 05 37 01 00 00 Dead Tree [42] ((982, 12, 1149))
88 65 1D 04 37 01 00 00 21 62 31 32 66 04 00 02 40 A1 4A 05 37 01 00 00 Builder’s Bell [545] ((1035, 12, 1145))
00 00 00 00 00 00 00 00 A0 43 33 00 74 04 00 02 60 0D 4A 05 37 01 00 00 Nameplate [928] ((986, 12, 1152))
48 69 1D 04 37 01 00 00 E1 80 33 00 84 04 00 02 90 0C 4A 05 37 01 00 00 Lady Sign [225] ((988, 12, 1152))
60 69 1D 04 37 01 00 00 E0 C0 33 00 94 04 00 02 C0 0B 4A 05 37 01 00 00 Gentleman Sign [224] ((990, 12, 1152))
00 00 00 00 00 00 00 00 31 05 30 00 A4 04 00 02 B0 62 4A 05 37 01 00 00 Big Bolt [1329] ((992, 12, 1152))
90 69 1D 04 37 01 00 00 64 40 30 00 B4 04 00 02 E0 61 4A 05 37 01 00 00 Towel Rail [100] ((994, 12, 1152))
A8 69 1D 04 37 01 00 00 6D 0B 32 00 C4 04 00 02 10 61 4A 05 37 01 00 00 Trendy Triptych [2925] ((1008, 12, 1152))
C0 69 1D 04 37 01 00 00 D4 CB 30 00 D4 04 00 02 40 60 4A 05 37 01 00 00 Display Hook [3028] ((998, 12, 1152))
D8 69 1D 04 37 01 00 00 D5 0B 31 00 E4 04 00 02 70 5F 4A 05 37 01 00 00 Display Frame [3029] ((1000, 12, 1152))
F0 69 1D 04 37 01 00 00 D4 44 31 00 F6 04 00 02 A0 5E 4A 05 37 01 00 00 Picture Frame [1236] ((1002, 12, 1152))
08 6A 1D 04 37 01 00 00 ED AA 31 00 04 05 00 02 D0 5D 4A 05 37 01 00 00 Hanging Picture [2797] ((1005, 12, 1152))
20 6A 1D 04 37 01 00 00 56 81 30 00 14 05 00 02 00 5D 4A 05 37 01 00 00 Dry Ivy [342] ((996, 12, 1152))
38 6A 1D 04 37 01 00 00 16 C5 32 80 2A 05 00 02 30 5C 4A 05 37 01 00 00 Firework Cannon [1302] ((1014, 12, 1152))
50 6A 1D 04 37 01 00 00 39 08 33 02 34 05 00 02 60 5B 4A 05 37 01 00 00 Activator [2105] ((1016, 12, 1153))
68 6A 1D 04 37 01 00 00 D7 4A 33 00 46 05 00 02 90 5A 4A 05 37 01 00 00 Magnetic Block [2775] ((1018, 12, 1152))
80 6A 1D 04 37 01 00 00 99 80 33 02 56 05 00 82 C0 59 4A 05 37 01 00 00 Brick Barbecue [153] ((1020, 12, 1153))
98 6A 1D 04 37 01 00 00 03 EA 33 02 66 05 00 02 F0 58 4A 05 37 01 00 00 Mason’s Workstation [2563] ((1023, 12, 1153))
00 00 00 00 00 00 00 00 97 40 30 04 76 05 00 82 20 DA 4A 05 37 01 00 00 Forge [151] ((1026, 12, 1154))
C8 6A 1D 04 37 01 00 00 E5 C0 30 00 86 05 00 02 50 D9 4A 05 37 01 00 00 Cask [229] ((1030, 12, 1152))
E0 6A 1D 04 37 01 00 00 0E 05 31 02 96 05 00 02 80 D8 4A 05 37 01 00 00 Stickler’s Sifter [1294] ((1032, 12, 1153))
F8 6A 1D 04 37 01 00 00 28 63 31 02 A6 05 00 02 B0 D7 4A 05 37 01 00 00 Tinting Tun [808] ((1035, 12, 1153))
10 6B 1D 04 37 01 00 00 DF C8 31 02 B6 05 00 02 E0 D6 4A 05 37 01 00 00 Forbidden Altar [2271] ((1038, 12, 1153))
30 69 1D 04 37 01 00 00 A1 C0 31 3C C6 05 00 82 70 A0 4A 05 37 01 00 00 Furnace [161] ((1038, 12, 1150))
40 6B 1D 04 37 01 00 00 96 60 31 36 D6 05 00 02 A0 9F 4A 05 37 01 00 00 Colour Wheel [150] ((1035, 12, 1147))
58 6B 1D 04 37 01 00 00 91 C0 31 F2 E6 05 00 02 D0 9E 4A 05 37 01 00 00 Tree Stump [145] ((1038, 12, 1145))
28 6B 1D 04 37 01 00 00 82 C1 30 04 F4 05 00 02 10 D6 4A 05 37 01 00 00 Worm Food [386] ((1030, 12, 1154))
88 6B 1D 04 37 01 00 00 5B 02 31 06 04 06 00 02 40 D5 4A 05 37 01 00 00 Woody Goody [603] ((1032, 12, 1155))
A0 6B 1D 04 37 01 00 00 81 44 31 06 16 06 00 02 70 D4 4A 05 37 01 00 00 Terraforma Tiles [1153] ((1034, 12, 1155))
B8 6B 1D 04 37 01 00 00 BD 89 31 06 24 06 00 02 A0 D3 4A 05 37 01 00 00 Ice Lolly [2493] ((1036, 12, 1155))
D0 6B 1D 04 37 01 00 00 BA C8 31 06 36 06 00 02 D0 D2 4A 05 37 01 00 00 Citadel Wall Battlement [2234] ((1038, 12, 1155))
E8 6B 1D 04 37 01 00 00 B9 28 32 06 46 06 00 02 00 D2 4A 05 37 01 00 00 Citadel Corner Foundation [2233] ((1041, 12, 1155))
00 6C 1D 04 37 01 00 00 B8 28 36 06 56 06 00 02 30 D1 4A 05 37 01 00 00 Citadel Corner Midsection [2232] ((1041, 13, 1155))
18 6C 1D 04 37 01 00 00 B7 28 3A 06 66 06 00 02 60 D0 4A 05 37 01 00 00 Citadel Corner Capital [2231] ((1041, 14, 1155))
30 6C 1D 04 37 01 00 00 79 89 32 06 76 06 00 02 90 CF 4A 05 37 01 00 00 Spaceship Capital [2425] ((1044, 12, 1155))
48 6C 1D 04 37 01 00 00 78 C9 32 06 86 06 00 02 C0 CE 4A 05 37 01 00 00 Spaceship Corner Foundation [2424] ((1046, 12, 1155))
60 6C 1D 04 37 01 00 00 77 C9 36 06 96 06 00 02 F0 CD 4A 05 37 01 00 00 Spaceship Corner Midsection [2423] ((1046, 13, 1155))
78 6C 1D 04 37 01 00 00 76 C9 3A 06 A6 06 00 02 20 CD 4A 05 37 01 00 00 Spaceship Corner Capital [2422] ((1046, 14, 1155))
90 6C 1D 04 37 01 00 00 7A 29 33 06 B6 06 00 02 50 CC 4A 05 37 01 00 00 Reinforced Iron Corner [2426] ((1049, 12, 1155))
A8 6C 1D 04 37 01 00 00 48 84 33 04 C6 06 00 02 80 CB 4A 05 37 01 00 00 Vertical Log [1096] ((1052, 12, 1154))
C0 6C 1D 04 37 01 00 00 9D 85 33 08 D6 06 00 02 B0 CA 4A 05 37 01 00 00 Ropy Vertical Log [1437] ((1052, 12, 1156))
D8 6C 1D 04 37 01 00 00 19 C5 33 04 E6 06 00 02 E0 C9 4A 05 37 01 00 00 Sharpened Log [1305] ((1054, 12, 1154))
F0 6C 1D 04 37 01 00 00 47 C4 33 08 F6 06 00 02 10 C9 4A 05 37 01 00 00 Horizontal Log [1095] ((1054, 12, 1156))
00 00 00 00 00 00 00 00 9E 05 30 04 06 07 00 02 D0 47 4B 05 37 01 00 00 Ropy Horizontal Log [1438] ((1056, 12, 1154))
20 6D 1D 04 37 01 00 00 3F 05 30 08 16 07 00 02 00 47 4B 05 37 01 00 00 Castle Window Sill [1343] ((1056, 12, 1156))
38 6D 1D 04 37 01 00 00 3E 05 34 08 26 07 00 02 30 46 4B 05 37 01 00 00 Castle Window Midsection [1342] ((1056, 13, 1156))
50 6D 1D 04 37 01 00 00 3D 05 38 08 36 07 00 02 60 45 4B 05 37 01 00 00 Castle Window Arch [1341] ((1056, 14, 1156))
68 6D 1D 04 37 01 00 00 D6 45 30 08 46 07 00 02 90 44 4B 05 37 01 00 00 Vertical Log Cap [1494] ((1058, 12, 1156))
80 6D 1D 04 37 01 00 00 75 48 30 04 56 07 00 02 C0 43 4B 05 37 01 00 00 Vertical Log Shoe [2165] ((1058, 12, 1154))
98 6D 1D 04 37 01 00 00 D5 85 30 04 66 07 00 02 F0 42 4B 05 37 01 00 00 Horizontal Log Cap [1493] ((1060, 12, 1154))
B0 6D 1D 04 37 01 00 00 E8 83 30 08 76 07 00 02 20 42 4B 05 37 01 00 00 Stone Handrail [1000] ((1060, 12, 1156))
C8 6D 1D 04 37 01 00 00 5E C1 30 08 86 07 00 02 50 41 4B 05 37 01 00 00 Classical Column Pedestal [350] ((1062, 12, 1156))
E0 6D 1D 04 37 01 00 00 5D C1 34 08 96 07 00 02 80 40 4B 05 37 01 00 00 Classical Column Midsection [349] ((1062, 13, 1156))
F8 6D 1D 04 37 01 00 00 20 C3 38 08 A6 07 00 02 B0 3F 4B 05 37 01 00 00 Classical Column Capital [800] ((1062, 14, 1156))
10 6E 1D 04 37 01 00 00 3B C5 30 04 B6 07 00 02 E0 3E 4B 05 37 01 00 00 Castle Column Pedestal [1339] ((1062, 12, 1154))
28 6E 1D 04 37 01 00 00 76 00 31 08 C6 07 00 02 10 3E 4B 05 37 01 00 00 Column [118] ((1064, 12, 1156))
40 6E 1D 04 37 01 00 00 78 02 31 04 D6 07 00 02 40 3D 4B 05 37 01 00 00 Stained-Glass Window Sill [632] ((1064, 12, 1154))
58 6E 1D 04 37 01 00 00 77 02 35 04 E6 07 00 02 70 3C 4B 05 37 01 00 00 Stained-Glass Window Midsection [631] ((1064, 13, 1154))
70 6E 1D 04 37 01 00 00 76 02 39 04 F6 07 00 02 A0 3B 4B 05 37 01 00 00 Stained-Glass Window Arch [630] ((1064, 14, 1154))
88 6E 1D 04 37 01 00 00 DE 40 31 04 06 08 00 02 D0 3A 4B 05 37 01 00 00 Mini Merlon [222] ((1066, 12, 1154))
A0 6E 1D 04 37 01 00 00 75 45 31 08 16 08 00 02 00 3A 4B 05 37 01 00 00 Pyramidal Merlon [1397] ((1066, 12, 1156))
B8 6E 1D 04 37 01 00 00 77 80 31 08 26 08 00 02 30 39 4B 05 37 01 00 00 Stone Coping [119] ((1068, 12, 1156))
D0 6E 1D 04 37 01 00 00 78 80 31 04 36 08 00 02 60 38 4B 05 37 01 00 00 Stone Capping [120] ((1068, 12, 1154))
E8 6E 1D 04 37 01 00 00 49 C4 31 C8 46 08 00 02 90 37 4B 05 37 01 00 00 Log Wall Corner [1097] ((1070, 12, 1156))
08 6D 1D 04 37 01 00 00 37 A5 32 40 56 08 00 02 40 C8 4A 05 37 01 00 00 Castle Belvedere [1335] ((1045, 12, 1152))
18 6F 1D 04 37 01 00 00 C6 E8 32 00 66 08 00 02 70 C7 4A 05 37 01 00 00 Citadel Handrail [2246] ((1047, 12, 1152))
70 6B 1D 04 37 01 00 00 B2 E8 32 3C 76 08 00 02 00 9E 4A 05 37 01 00 00 Citadel Column Pedestal [2226] ((1047, 12, 1150))
48 6F 1D 04 37 01 00 00 B3 E8 36 3C 86 08 00 02 30 9D 4A 05 37 01 00 00 Citadel Column Midsection [2227] ((1047, 13, 1150))
60 6F 1D 04 37 01 00 00 B4 E8 3A 3C 96 08 00 02 60 9C 4A 05 37 01 00 00 Citadel Column Capital [2228] ((1047, 14, 1150))
30 6F 1D 04 37 01 00 00 B6 28 33 00 A6 08 00 02 A0 C6 4A 05 37 01 00 00 Citadel Column Plinth [2230] ((1049, 12, 1152))
78 6F 1D 04 37 01 00 00 C0 28 33 3C B6 08 00 02 90 9B 4A 05 37 01 00 00 Crowned Citadel Column [2240] ((1049, 12, 1150))
A8 6F 1D 04 37 01 00 00 BE 68 33 3C C6 08 00 02 C0 9A 4A 05 37 01 00 00 Citadel Window Sill [2238] ((1051, 12, 1150))
C0 6F 1D 04 37 01 00 00 BD 68 37 3C D6 08 00 02 F0 99 4A 05 37 01 00 00 Citadel Window Midsection [2237] ((1051, 13, 1150))
D8 6F 1D 04 37 01 00 00 BC 68 3B 3C E6 08 00 02 20 99 4A 05 37 01 00 00 Citadel Window Arch [2236] ((1051, 14, 1150))
90 6F 1D 04 37 01 00 00 59 65 33 00 F6 08 00 82 D0 C5 4A 05 37 01 00 00 Tainted Glass Window Sill [1369] ((1051, 12, 1152))
08 70 1D 04 37 01 00 00 58 65 37 00 06 09 00 82 00 C5 4A 05 37 01 00 00 Tainted Glass Window Midsection [1368] ((1051, 13, 1152))
20 70 1D 04 37 01 00 00 57 65 3B 00 16 09 00 82 30 C4 4A 05 37 01 00 00 Tainted Glass Window Arch [1367] ((1051, 14, 1152))
F0 6F 1D 04 37 01 00 00 BF A8 33 3C 26 09 00 02 50 98 4A 05 37 01 00 00 Citadel Merlon [2239] ((1053, 12, 1150))
38 70 1D 04 37 01 00 00 C5 A8 33 00 36 09 00 02 60 C3 4A 05 37 01 00 00 Citadel Spike [2245] ((1053, 12, 1152))
68 70 1D 04 37 01 00 00 C7 E8 33 00 46 09 00 02 90 C2 4A 05 37 01 00 00 Citadel Coping [2247] ((1055, 12, 1152))
50 70 1D 04 37 01 00 00 C8 E8 33 3C 56 09 00 02 80 97 4A 05 37 01 00 00 Citadel Capping [2248] ((1055, 12, 1150))
00 6F 1D 04 37 01 00 00 C3 28 30 00 66 09 00 02 C0 36 4B 05 37 01 00 00 Citadel Belvedere [2243] ((1057, 12, 1152))
B0 70 1D 04 37 01 00 00 40 C5 30 40 74 09 00 02 F0 35 4B 05 37 01 00 00 Castle Fanlight [1344] ((1062, 12, 1152))
00 00 00 00 00 00 00 00 B5 C8 30 7A 84 09 00 02 C0 1C 4B 05 37 01 00 00 Citadel Fanlight [2229] ((1062, 12, 1149))
C8 70 1D 04 37 01 00 00 77 05 31 80 94 09 00 02 20 35 4B 05 37 01 00 00 Fiendish Face [1399] ((1064, 12, 1152))
E0 70 1D 04 37 01 00 00 76 05 31 7C A6 09 00 02 F0 1B 4B 05 37 01 00 00 Citadel Creature Carving [1398] ((1064, 12, 1150))
10 71 1D 04 37 01 00 00 79 25 31 78 B6 09 00 02 20 1B 4B 05 37 01 00 00 Citadel Spear Symbol [1401] ((1065, 12, 1148))
F8 70 1D 04 37 01 00 00 7A 85 31 80 C6 09 00 02 50 34 4B 05 37 01 00 00 Citadel Cross Carving [1402] ((1068, 12, 1152))
28 71 1D 04 37 01 00 00 D7 63 31 F6 D6 09 00 02 50 1A 4B 05 37 01 00 00 Simple Doors [983] ((1067, 12, 1147))
58 71 1D 04 37 01 00 00 D6 63 31 F0 E6 09 00 02 80 19 4B 05 37 01 00 00 Cell Doors [982] ((1067, 12, 1144))
70 71 1D 04 37 01 00 00 47 A0 31 78 F6 09 00 02 B0 18 4B 05 37 01 00 00 Cell Door [71] ((1069, 12, 1148))
88 71 1D 04 37 01 00 00 DF A3 31 74 06 0A 00 02 E0 17 4B 05 37 01 00 00 Sluice Gate [991] ((1069, 12, 1146))
A0 71 1D 04 37 01 00 00 12 AB 31 70 16 0A 00 02 10 17 4B 05 37 01 00 00 Wooden Sliding Door [2834] ((1069, 12, 1144))
B8 71 1D 04 37 01 00 00 0F EB 31 70 26 0A 00 02 40 16 4B 05 37 01 00 00 Paper Sliding Door [2831] ((1071, 12, 1144))
D0 71 1D 04 37 01 00 00 0F EB 31 F2 36 0A 00 02 70 15 4B 05 37 01 00 00 Paper Sliding Door [2831] ((1071, 12, 1145))
E8 71 1D 04 37 01 00 00 12 EB 31 76 46 0A 00 02 A0 14 4B 05 37 01 00 00 Wooden Sliding Door [2834] ((1071, 12, 1147))
00 72 1D 04 37 01 00 00 12 EB 31 F8 56 0A 00 02 D0 13 4B 05 37 01 00 00 Wooden Sliding Door [2834] ((1071, 12, 1148))
18 72 1D 04 37 01 00 00 0F 2B 32 78 66 0A 00 02 00 13 4B 05 37 01 00 00 Paper Sliding Door [2831] ((1073, 12, 1148))
30 72 1D 04 37 01 00 00 82 22 32 74 76 0A 00 02 30 12 4B 05 37 01 00 00 Sliding Door [642] ((1073, 12, 1146))
48 72 1D 04 37 01 00 00 CF 2B 32 70 86 0A 00 02 60 11 4B 05 37 01 00 00 Sliding Glass Door [3023] ((1073, 12, 1144))
60 72 1D 04 37 01 00 00 CF 6B 32 70 96 0A 00 02 90 10 4B 05 37 01 00 00 Sliding Glass Door [3023] ((1075, 12, 1144))
78 72 1D 04 37 01 00 00 CF 6B 32 F2 A6 0A 00 02 C0 0F 4B 05 37 01 00 00 Sliding Glass Door [3023] ((1075, 12, 1145))
90 72 1D 04 37 01 00 00 82 62 32 76 B6 0A 00 02 F0 0E 4B 05 37 01 00 00 Sliding Door [642] ((1075, 12, 1147))
A8 72 1D 04 37 01 00 00 82 62 32 F8 C6 0A 00 02 20 0E 4B 05 37 01 00 00 Sliding Door [642] ((1075, 12, 1148))
C0 72 1D 04 37 01 00 00 CE A0 32 78 D6 0A 00 02 50 0D 4B 05 37 01 00 00 Straw Door [206] ((1077, 12, 1148))
D8 72 1D 04 37 01 00 00 4D A4 32 72 E6 0A 00 02 80 0C 4B 05 37 01 00 00 Rustic Door [1101] ((1077, 12, 1145))
F0 72 1D 04 37 01 00 00 4E E4 32 78 F4 0A 00 02 B0 0B 4B 05 37 01 00 00 Drapery Door [1102] ((1079, 12, 1148))
08 73 1D 04 37 01 00 00 45 40 31 3C 06 0B 00 02 E0 0A 4B 05 37 01 00 00 Wooden Door [69] ((1066, 12, 1150))
20 73 1D 04 37 01 00 00 46 A0 31 3C 16 0B 00 02 10 0A 4B 05 37 01 00 00 Magic Door [70] ((1069, 12, 1150))
38 73 1D 04 37 01 00 00 29 02 32 3C 26 0B 00 02 40 09 4B 05 37 01 00 00 Glass Door [553] ((1072, 12, 1150))
50 73 1D 04 37 01 00 00 60 6B 32 3C 36 0B 00 02 70 08 4B 05 37 01 00 00 Fänsi Dør [2912] ((1075, 12, 1150))
68 73 1D 04 37 01 00 00 48 C0 32 3C 46 0B 00 02 A0 07 4B 05 37 01 00 00 Steel Doors [72] ((1078, 12, 1150))
40 71 1D 04 37 01 00 00 43 C9 31 00 56 0B 00 02 80 33 4B 05 37 01 00 00 Doors of Doom [2371] ((1070, 12, 1152))
98 73 1D 04 37 01 00 00 05 4C 32 00 66 0B 00 02 B0 32 4B 05 37 01 00 00 Cast Iron Door [3077] ((1074, 12, 1152))
B0 73 1D 04 37 01 00 00 43 C5 32 00 76 0B 00 02 E0 31 4B 05 37 01 00 00 Throne Room Door [1347] ((1078, 12, 1152))
C8 73 1D 04 37 01 00 00 3C C5 31 04 86 0B 00 02 10 31 4B 05 37 01 00 00 Portcullis [1340] ((1070, 12, 1154))
E0 73 1D 04 37 01 00 00 66 AB 32 04 96 0B 00 02 40 30 4B 05 37 01 00 00 Biig Dør [2918] ((1077, 12, 1154))
F8 73 1D 04 37 01 00 00 38 23 33 04 A6 0B 00 02 70 2F 4B 05 37 01 00 00 Picket Gate [824] ((1081, 12, 1154))
10 74 1D 04 37 01 00 00 49 20 33 08 B6 0B 00 02 A0 2E 4B 05 37 01 00 00 Wooden Gate [73] ((1081, 12, 1156))
28 74 1D 04 37 01 00 00 39 C3 32 08 C6 0B 00 02 D0 2D 4B 05 37 01 00 00 Saloon Door [825] ((1078, 12, 1156))
40 74 1D 04 37 01 00 00 3A 80 32 08 D6 0B 00 02 00 2D 4B 05 37 01 00 00 Diagonal Fencing [58] ((1076, 12, 1156))
58 74 1D 04 37 01 00 00 52 02 32 08 E6 0B 00 02 30 2C 4B 05 37 01 00 00 Wooden Fencing [594] ((1072, 12, 1156))
70 74 1D 04 37 01 00 00 8E 42 32 08 F6 0B 00 02 60 2B 4B 05 37 01 00 00 Picket Fencing [654] ((1074, 12, 1156))
88 74 1D 04 37 01 00 00 E9 83 33 08 06 0C 00 02 90 2A 4B 05 37 01 00 00 Wooden Handrail [1001] ((1084, 12, 1156))
A0 74 1D 04 37 01 00 00 DF 84 33 04 16 0C 00 02 C0 29 4B 05 37 01 00 00 Iron Stanchion [1247] ((1084, 12, 1154))
B8 74 1D 04 37 01 00 00 4F 84 33 40 26 0C 00 02 F0 28 4B 05 37 01 00 00 Brick Border [1103] ((1084, 12, 1152))
80 73 1D 04 37 01 00 00 BD 85 33 3C 36 0C 00 02 D0 06 4B 05 37 01 00 00 Brick Border Corner [1469] ((1084, 12, 1150))
E8 74 1D 04 37 01 00 00 E2 23 33 78 46 0C 00 02 00 06 4B 05 37 01 00 00 Siltstone Column Pedestal [994] ((1081, 12, 1148))
00 75 1D 04 37 01 00 00 E1 23 37 78 56 0C 00 02 30 05 4B 05 37 01 00 00 Siltstone Column Midsection [993] ((1081, 13, 1148))
18 75 1D 04 37 01 00 00 E0 23 3B 78 66 0C 00 02 60 04 4B 05 37 01 00 00 Siltstone Column Capital [992] ((1081, 14, 1148))
30 75 1D 04 37 01 00 00 75 E0 32 72 76 0C 00 02 90 03 4B 05 37 01 00 00 Pretty Pillar [117] ((1079, 12, 1145))
48 75 1D 04 37 01 00 00 82 E0 32 6E 86 0C 00 02 C0 02 4B 05 37 01 00 00 Draconic Column [130] ((1079, 12, 1143))
60 75 1D 04 37 01 00 00 78 25 33 6E 96 0C 00 02 F0 01 4B 05 37 01 00 00 Peculiar Pillar [1400] ((1081, 12, 1143))
78 75 1D 04 37 01 00 00 A2 23 33 74 A4 0C 00 02 20 01 4B 05 37 01 00 00 Wooden Doormat [930] ((1081, 12, 1146))
90 75 1D 04 37 01 00 00 A3 63 33 74 B4 0C 00 02 50 00 4B 05 37 01 00 00 Stone Doormat [931] ((1083, 12, 1146))
A8 75 1D 04 37 01 00 00 51 A4 33 74 C4 0C 00 02 80 FF 4A 05 37 01 00 00 Plank Pathway [1105] ((1085, 12, 1146))
C0 75 1D 04 37 01 00 00 53 64 33 78 D4 0C 00 02 B0 FE 4A 05 37 01 00 00 Stepping Stones [1107] ((1083, 12, 1148))
D8 75 1D 04 37 01 00 00 54 A4 33 78 E4 0C 00 02 E0 FD 4A 05 37 01 00 00 Corner Stones [1108] ((1085, 12, 1148))
D0 74 1D 04 37 01 00 00 44 C0 33 08 F6 0C 00 82 20 28 4B 05 37 01 00 00 Stone Window [68] ((1086, 12, 1156))
00 00 00 00 00 00 00 00 73 04 30 08 06 0D 00 02 40 D9 4B 05 37 01 00 00 Wooden Grating [1139] ((1088, 12, 1156))
20 76 1D 04 37 01 00 00 28 42 30 08 16 0D 00 02 70 D8 4B 05 37 01 00 00 Glass Floor [552] ((1090, 12, 1156))
38 76 1D 04 37 01 00 00 44 83 30 08 26 0D 00 02 90 D3 4B 05 37 01 00 00 Basic Bridge [836] ((1092, 12, 1156))
08 76 1D 04 37 01 00 00 51 C5 33 04 36 0D 00 02 50 27 4B 05 37 01 00 00 Wooden Fortification [1361] ((1086, 12, 1154))
50 76 1D 04 37 01 00 00 74 04 30 04 46 0D 00 02 F0 D1 4B 05 37 01 00 00 Cell Wall [1140] ((1088, 12, 1154))
80 76 1D 04 37 01 00 00 E4 4A 30 04 56 0D 00 02 20 D1 4B 05 37 01 00 00 Lattice Wall [2788] ((1090, 12, 1154))
98 76 1D 04 37 01 00 00 43 80 30 04 66 0D 00 82 50 D0 4B 05 37 01 00 00 Arched Window [67] ((1092, 12, 1154))
B0 76 1D 04 37 01 00 00 50 8B 30 00 76 0D 00 02 80 CF 4B 05 37 01 00 00 Netting [2896] ((1092, 12, 1152))
C8 76 1D 04 37 01 00 00 08 45 30 00 86 0D 00 02 B0 CE 4B 05 37 01 00 00 Adobe Window [1288] ((1090, 12, 1152))
E0 76 1D 04 37 01 00 00 46 05 30 00 96 0D 00 02 40 CC 4B 05 37 01 00 00 Criss-Cross Leadlight [1350] ((1088, 12, 1152))
F0 75 1D 04 37 01 00 00 D3 C0 33 3C A6 0D 00 82 10 FD 4A 05 37 01 00 00 Window [211] ((1086, 12, 1150))
68 76 1D 04 37 01 00 00 1F C5 33 00 B6 0D 00 0A 80 26 4B 05 37 01 00 00 Connecting Window 2 [1311] ((1086, 12, 1152))
28 77 1D 04 37 01 00 00 1F C5 37 00 C6 0D 00 02 B0 25 4B 05 37 01 00 00 Connecting Window 2 [1311] ((1086, 13, 1152))
00 00 00 00 00 00 00 00 48 25 30 3C D6 0D 00 02 60 86 4B 05 37 01 00 00 Plain-Pane Leadlight [1352] ((1089, 12, 1150))
58 77 1D 04 37 01 00 00 47 65 30 3C E6 0D 00 02 90 85 4B 05 37 01 00 00 Four-Square Leadlight [1351] ((1091, 12, 1150))
10 77 1D 04 37 01 00 00 C2 EB 33 38 F6 0D 00 02 40 FC 4A 05 37 01 00 00 Angled Window [3010] ((1087, 12, 1148))
70 77 1D 04 37 01 00 00 86 22 30 38 06 0E 00 02 C0 84 4B 05 37 01 00 00 Paper Window [646] ((1089, 12, 1148))
A0 77 1D 04 37 01 00 00 76 64 30 38 16 0E 00 02 F0 83 4B 05 37 01 00 00 Porthole [1142] ((1091, 12, 1148))
88 77 1D 04 37 01 00 00 A3 E8 33 34 26 0E 00 02 70 FB 4A 05 37 01 00 00 Left-Edged Air Vent [2211] ((1087, 12, 1146))
B8 77 1D 04 37 01 00 00 A5 68 30 34 36 0E 00 02 20 83 4B 05 37 01 00 00 Right-Edged Air Vent [2213] ((1091, 12, 1146))
E8 77 1D 04 37 01 00 00 A4 28 30 34 46 0E 00 02 50 82 4B 05 37 01 00 00 Air Vent Midsection [2212] ((1089, 12, 1146))
00 78 1D 04 37 01 00 00 A6 A8 30 34 56 0E 00 02 80 81 4B 05 37 01 00 00 Individual Air Vent [2214] ((1093, 12, 1146))
18 78 1D 04 37 01 00 00 FF A7 30 3A 66 0E 00 02 B0 80 4B 05 37 01 00 00 Viewing Dome [2047] ((1093, 12, 1149))
30 78 1D 04 37 01 00 00 1F AB 30 3C 76 0E 00 02 E0 7F 4B 05 37 01 00 00 Carved Mural [2847] ((1093, 12, 1150))
F8 76 1D 04 37 01 00 00 67 CB 30 00 86 0E 00 02 70 CB 4B 05 37 01 00 00 Wooden Blind Headrail [2919] ((1094, 12, 1152))
60 78 1D 04 37 01 00 00 68 CB 30 04 96 0E 00 02 A0 CA 4B 05 37 01 00 00 Wooden Blind Body [2920] ((1094, 12, 1154))
78 78 1D 04 37 01 00 00 CF E0 30 08 A6 0E 00 02 D0 C9 4B 05 37 01 00 00 Wooden Steps [207] ((1095, 12, 1156))
90 78 1D 04 37 01 00 00 3D 20 31 08 B6 0E 00 02 00 BC 4B 05 37 01 00 00 Stone Steps [61] ((1097, 12, 1156))
A8 78 1D 04 37 01 00 00 BB 25 31 44 C6 0E 00 02 30 BB 4B 05 37 01 00 00 Left-Bordered Carpeted Steps [1467] ((1097, 12, 1154))
48 78 1D 04 37 01 00 00 BC 25 31 7C D6 0E 00 02 10 7F 4B 05 37 01 00 00 Right-Bordered Carpeted Steps [1468] ((1097, 12, 1150))
C0 78 1D 04 37 01 00 00 39 25 31 40 E6 0E 00 02 00 A2 4B 05 37 01 00 00 Carpeted Steps Midsection [1337] ((1097, 12, 1152))
D8 78 1D 04 37 01 00 00 3C 09 31 38 F6 0E 00 02 40 7E 4B 05 37 01 00 00 Citadel Steps [2364] ((1096, 12, 1148))
08 79 1D 04 37 01 00 00 6C E8 30 34 06 0F 00 02 70 7D 4B 05 37 01 00 00 Ramp [2156] ((1095, 12, 1146))
D0 77 1D 04 37 01 00 00 D6 6B 33 2E 16 0F 00 02 A0 FA 4A 05 37 01 00 00 Stylish Staircase [3030] ((1083, 12, 1143))
38 79 1D 04 37 01 00 00 31 A7 33 2E 24 0F 00 02 D0 F9 4A 05 37 01 00 00 Chain [1841] ((1085, 12, 1143))
50 79 1D 04 37 01 00 00 86 E4 33 2E 36 0F 00 02 00 F9 4A 05 37 01 00 00 Pitched Wooden Roofing [1158] ((1087, 12, 1143))
20 79 1D 04 37 01 00 00 87 24 30 2E 46 0F 00 02 A0 7C 4B 05 37 01 00 00 Wooden Outer Corner Roofing [1159] ((1089, 12, 1143))
80 79 1D 04 37 01 00 00 88 64 30 2E 56 0F 00 02 D0 7B 4B 05 37 01 00 00 Wooden Inner Corner Roofing [1160] ((1091, 12, 1143))
98 79 1D 04 37 01 00 00 4B A4 30 2E 66 0F 00 02 00 7B 4B 05 37 01 00 00 Flat Wooden Roofing [1099] ((1093, 12, 1143))
B0 79 1D 04 37 01 00 00 89 E4 30 2E 76 0F 00 02 30 7A 4B 05 37 01 00 00 Wooden Roof Window [1161] ((1095, 12, 1143))
C8 79 1D 04 37 01 00 00 8A 24 31 2E 86 0F 00 02 60 79 4B 05 37 01 00 00 Wooden Roof Ridge [1162] ((1097, 12, 1143))
E0 79 1D 04 37 01 00 00 B0 60 31 2E 96 0F 00 02 90 78 4B 05 37 01 00 00 Pitched Tiling [176] ((1099, 12, 1143))
F8 79 1D 04 37 01 00 00 B2 E0 31 2E A6 0F 00 02 C0 77 4B 05 37 01 00 00 Inner Corner Tiling [178] ((1103, 12, 1143))
10 7A 1D 04 37 01 00 00 B1 A0 31 2E B6 0F 00 02 F0 76 4B 05 37 01 00 00 Outer Corner Tiling [177] ((1101, 12, 1143))
28 7A 1D 04 37 01 00 00 AF 20 32 2E C6 0F 00 02 20 76 4B 05 37 01 00 00 Roof Tiling [175] ((1105, 12, 1143))
40 7A 1D 04 37 01 00 00 DC 60 32 2E D6 0F 00 02 50 75 4B 05 37 01 00 00 Tiled Window [220] ((1107, 12, 1143))
58 7A 1D 04 37 01 00 00 4C A0 32 2E E6 0F 00 02 80 74 4B 05 37 01 00 00 Ridge Tiling [76] ((1109, 12, 1143))
70 7A 1D 04 37 01 00 00 E4 27 31 32 F6 0F 00 02 B0 73 4B 05 37 01 00 00 Pitched Fancy Roofing [2020] ((1097, 12, 1145))
88 7A 1D 04 37 01 00 00 E6 A7 31 32 06 10 00 02 E0 72 4B 05 37 01 00 00 Fancy Inner Corner Roofing [2022] ((1101, 12, 1145))
A0 7A 1D 04 37 01 00 00 E5 67 31 32 16 10 00 02 10 72 4B 05 37 01 00 00 Fancy Outer Corner Roofing [2021] ((1099, 12, 1145))
B8 7A 1D 04 37 01 00 00 E3 E7 31 32 26 10 00 02 40 71 4B 05 37 01 00 00 Flat Fancy Roofing [2019] ((1103, 12, 1145))
D0 7A 1D 04 37 01 00 00 E7 27 32 32 36 10 00 02 70 70 4B 05 37 01 00 00 Fancy Roof Window [2023] ((1105, 12, 1145))
E8 7A 1D 04 37 01 00 00 E8 67 32 32 46 10 00 02 A0 6F 4B 05 37 01 00 00 Fancy Roof Ridge [2024] ((1107, 12, 1145))
00 7B 1D 04 37 01 00 00 1B 4B 31 36 56 10 00 02 D0 6E 4B 05 37 01 00 00 Pitched Tegulae Tiling [2843] ((1098, 12, 1147))
18 7B 1D 04 37 01 00 00 1D CB 31 36 66 10 00 02 00 6E 4B 05 37 01 00 00 Tegulae Inner Corner Tiling [2845] ((1102, 12, 1147))
30 7B 1D 04 37 01 00 00 1C 8B 31 36 76 10 00 02 30 6D 4B 05 37 01 00 00 Tegulae Outer Corner Tiling [2844] ((1100, 12, 1147))
48 7B 1D 04 37 01 00 00 1A 0B 32 36 86 10 00 02 60 6C 4B 05 37 01 00 00 Flat Tegulae Tiling [2842] ((1104, 12, 1147))
60 7B 1D 04 37 01 00 00 1E 4B 32 36 96 10 00 02 90 6B 4B 05 37 01 00 00 Ridge Tegulae Tiling [2846] ((1106, 12, 1147))
78 7B 1D 04 37 01 00 00 20 8B 32 36 A6 10 00 02 C0 6A 4B 05 37 01 00 00 Gruesome Gargoyle [2848] ((1108, 12, 1147))
90 7B 1D 04 37 01 00 00 FA 6A 31 3A B4 10 00 02 F0 69 4B 05 37 01 00 00 Rope Ladder [2810] ((1099, 12, 1149))
A8 7B 1D 04 37 01 00 00 3C A0 31 3A C4 10 00 02 20 69 4B 05 37 01 00 00 Ladder [60] ((1101, 12, 1149))
C0 7B 1D 04 37 01 00 00 E0 64 31 3E D4 10 00 02 50 68 4B 05 37 01 00 00 Awning [1248] ((1099, 12, 1151))
D8 7B 1D 04 37 01 00 00 08 AC 31 3E E4 10 00 02 80 67 4B 05 37 01 00 00 Classy Canopy [3080] ((1101, 12, 1151))
F0 78 1D 04 37 01 00 00 4C 64 31 02 F6 10 00 02 30 A1 4B 05 37 01 00 00 Column Crown [1100] ((1099, 12, 1153))
08 7C 1D 04 37 01 00 00 D0 A0 31 02 06 11 00 02 60 A0 4B 05 37 01 00 00 Chimney [208] ((1101, 12, 1153))
20 7C 1D 04 37 01 00 00 4B 60 31 06 16 11 00 02 90 9F 4B 05 37 01 00 00 Buttress [75] ((1099, 12, 1155))
38 7C 1D 04 37 01 00 00 4E A0 31 06 24 11 00 82 C0 9E 4B 05 37 01 00 00 Torch [78] ((1101, 12, 1155))
50 7C 1D 04 37 01 00 00 6B E0 31 06 36 11 00 82 F0 9D 4B 05 37 01 00 00 Stove [107] ((1103, 12, 1155))
68 7C 1D 04 37 01 00 00 3C E3 31 02 44 11 00 82 20 9D 4B 05 37 01 00 00 Lantern [828] ((1103, 12, 1153))
F0 7B 1D 04 37 01 00 00 7A E2 31 3E 54 11 00 82 B0 66 4B 05 37 01 00 00 Candle [634] ((1103, 12, 1151))
98 7C 1D 04 37 01 00 00 5F E4 31 3A 64 11 00 82 E0 65 4B 05 37 01 00 00 Potage Pot [1119] ((1103, 12, 1149))
B0 7C 1D 04 37 01 00 00 53 20 32 3A 74 11 00 82 10 65 4B 05 37 01 00 00 Candlestick [83] ((1105, 12, 1149))
C8 7C 1D 04 37 01 00 00 55 20 32 3E 86 11 00 82 40 64 4B 05 37 01 00 00 Brazier [85] ((1105, 12, 1151))
80 7C 1D 04 37 01 00 00 E6 23 32 02 96 11 00 82 50 9C 4B 05 37 01 00 00 Golden Brazier [998] ((1105, 12, 1153))
F8 7C 1D 04 37 01 00 00 49 25 32 06 A6 11 00 82 80 9B 4B 05 37 01 00 00 Light Box [1353] ((1105, 12, 1155))
E0 7C 1D 04 37 01 00 00 64 6B 32 3A B6 11 00 82 70 63 4B 05 37 01 00 00 Låmpe Bäsen [2916] ((1107, 12, 1149))
28 7D 1D 04 37 01 00 00 63 6B 36 3A C6 11 00 82 A0 62 4B 05 37 01 00 00 Låmpe Hölden [2915] ((1107, 13, 1149))
40 7D 1D 04 37 01 00 00 62 6B 3A 3A D6 11 00 82 D0 61 4B 05 37 01 00 00 Låmpe Låit [2914] ((1107, 14, 1149))
58 7D 1D 04 37 01 00 00 FB 6A 32 3E E6 11 00 82 00 61 4B 05 37 01 00 00 Stone Lantern [2811] ((1107, 12, 1151))
10 7D 1D 04 37 01 00 00 5F 6B 32 02 F6 11 00 82 B0 9A 4B 05 37 01 00 00 Floör Låmpe [2911] ((1107, 12, 1153))
88 7D 1D 04 37 01 00 00 FD 6A 32 06 06 12 00 82 E0 99 4B 05 37 01 00 00 Paper Lantern [2813] ((1107, 12, 1155))
A0 7D 1D 04 37 01 00 00 6E AB 32 06 16 12 00 82 10 99 4B 05 37 01 00 00 Woöden Låmpe [2926] ((1109, 12, 1155))
B8 7D 1D 04 37 01 00 00 EB E0 32 06 26 12 00 82 40 98 4B 05 37 01 00 00 Fireplace [235] ((1111, 12, 1155))
D0 7D 1D 04 37 01 00 00 5D A2 32 02 36 12 00 82 70 97 4B 05 37 01 00 00 Jack-o’-Lantern [605] ((1109, 12, 1153))
70 7D 1D 04 37 01 00 00 55 A4 32 3E 44 12 00 82 30 60 4B 05 37 01 00 00 Ceramic Sconce [1109] ((1109, 12, 1151))
00 7E 1D 04 37 01 00 00 4F E0 32 3E 54 12 00 82 60 5F 4B 05 37 01 00 00 Sconce [79] ((1111, 12, 1151))
18 7E 1D 04 37 01 00 00 10 25 33 3E 64 12 00 82 90 5E 4B 05 37 01 00 00 Sinister Sconce [1296] ((1113, 12, 1151))
30 7E 1D 04 37 01 00 00 52 A0 32 3A 74 12 00 82 C0 5D 4B 05 37 01 00 00 Wall Lamp [82] ((1109, 12, 1149))
48 7E 1D 04 37 01 00 00 54 E0 32 3A 84 12 00 82 F0 5C 4B 05 37 01 00 00 Candelabrum [84] ((1111, 12, 1149))
60 7E 1D 04 37 01 00 00 E6 20 33 3A 94 12 00 82 20 5C 4B 05 37 01 00 00 Naughty Night Light [230] ((1113, 12, 1149))
E8 7D 1D 04 37 01 00 00 69 EB 32 02 A4 12 00 82 A0 96 4B 05 37 01 00 00 Wälle Låmpe [2921] ((1111, 12, 1153))
90 7E 1D 04 37 01 00 00 61 2B 33 02 B6 12 00 82 D0 95 4B 05 37 01 00 00 Fänsi Låit [2913] ((1113, 12, 1153))
A8 7E 1D 04 37 01 00 00 EF 64 33 06 C6 12 00 82 00 95 4B 05 37 01 00 00 Babs’s Billboard [1263] ((1115, 12, 1155))
C0 7E 1D 04 37 01 00 00 14 62 33 02 D6 12 00 02 30 94 4B 05 37 01 00 00 Straw Bedding [532] ((1115, 12, 1153))
D8 7E 1D 04 37 01 00 00 61 A0 33 02 E6 12 00 02 60 93 4B 05 37 01 00 00 Straw Mattress [97] ((1117, 12, 1153))
78 7E 1D 04 37 01 00 00 5B A4 33 3C F6 12 00 02 50 5B 4B 05 37 01 00 00 Rustic Bed [1115] ((1117, 12, 1150))
08 7F 1D 04 37 01 00 00 62 60 33 3C 06 13 00 02 80 5A 4B 05 37 01 00 00 Simple Bed [98] ((1115, 12, 1150))
20 7F 1D 04 37 01 00 00 63 C0 32 36 16 13 00 02 B0 59 4B 05 37 01 00 00 King-Sized Bed [99] ((1110, 12, 1147))
38 7F 1D 04 37 01 00 00 E8 20 33 36 26 13 00 02 E0 58 4B 05 37 01 00 00 Princess-Sized Bed [232] ((1113, 12, 1147))
50 7F 1D 04 37 01 00 00 53 85 33 36 3A 13 00 02 10 58 4B 05 37 01 00 00 Coffin [1363] ((1116, 12, 1147))
68 7F 1D 04 37 01 00 00 21 CB 33 36 46 13 00 02 40 57 4B 05 37 01 00 00 Fancy Futon [2849] ((1118, 12, 1147))
80 7F 1D 04 37 01 00 00 BD EB 32 30 56 13 00 02 70 56 4B 05 37 01 00 00 Basic Bunk [3005] ((1111, 12, 1144))
98 7F 1D 04 37 01 00 00 79 2B 33 2E 66 13 00 02 A0 55 4B 05 37 01 00 00 Double Bed [2937] ((1113, 12, 1143))
B0 7F 1D 04 37 01 00 00 C3 8B 33 2E 76 13 00 02 D0 54 4B 05 37 01 00 00 Tartan Bed [3011] ((1116, 12, 1143))
00 00 00 00 00 00 00 00 55 02 30 06 86 13 00 02 E0 E7 4B 05 37 01 00 00 Simple Small Table [597] ((1120, 12, 1155))
F0 7E 1D 04 37 01 00 00 5A E0 33 02 96 13 00 02 90 92 4B 05 37 01 00 00 Small Table [90] ((1119, 12, 1153))
C8 7F 1D 04 37 01 00 00 E9 E4 33 7A A6 13 00 02 00 54 4B 05 37 01 00 00 Corner Counter [1257] ((1119, 12, 1149))
00 00 00 00 00 00 00 00 8B 25 30 3A B6 13 00 02 20 05 4C 05 37 01 00 00 Connecting Counter [1419] ((1121, 12, 1149))
10 80 1D 04 37 01 00 00 E6 E4 33 3E C6 13 00 02 30 53 4B 05 37 01 00 00 Left Counter [1254] ((1119, 12, 1151))
28 80 1D 04 37 01 00 00 E8 24 30 3E D6 13 00 02 A0 FE 4B 05 37 01 00 00 Right Counter [1256] ((1121, 12, 1151))
58 80 1D 04 37 01 00 00 5C 00 30 36 E6 13 00 02 D0 FD 4B 05 37 01 00 00 Stone Table [92] ((1120, 12, 1147))
70 80 1D 04 37 01 00 00 5D 00 30 F2 F6 13 00 02 00 FD 4B 05 37 01 00 00 Dining Table [93] ((1120, 12, 1145))
88 80 1D 04 37 01 00 00 6C 0B 30 EE 06 14 00 02 30 FC 4B 05 37 01 00 00 Kaffe Täbel [2924] ((1120, 12, 1143))
40 80 1D 04 37 01 00 00 5B E0 33 2A 16 14 00 02 60 52 4B 05 37 01 00 00 Big Table [91] ((1119, 12, 1141))
A0 80 1D 04 37 01 00 00 3B 43 30 6C 26 14 00 02 60 FB 4B 05 37 01 00 00 Keg Counter [827] ((1122, 12, 1142))
D0 80 1D 04 37 01 00 00 72 4B 30 72 36 14 00 02 90 FA 4B 05 37 01 00 00 Fänsi Täbel [2930] ((1122, 12, 1145))
E0 7F 1D 04 37 01 00 00 79 42 30 06 46 14 00 02 10 E7 4B 05 37 01 00 00 Altar [633] ((1122, 12, 1155))
00 81 1D 04 37 01 00 00 56 C5 30 06 56 14 00 02 40 E6 4B 05 37 01 00 00 Unholy Altar [1366] ((1126, 12, 1155))
18 81 1D 04 37 01 00 00 59 82 30 42 66 14 00 02 70 E5 4B 05 37 01 00 00 Simple Table [601] ((1124, 12, 1153))
E8 80 1D 04 37 01 00 00 53 82 30 7C 76 14 00 02 C0 F9 4B 05 37 01 00 00 Enormous Table [595] ((1124, 12, 1150))
30 81 1D 04 37 01 00 00 22 CB 30 02 86 14 00 02 A0 E4 4B 05 37 01 00 00 Coffee Table [2850] ((1126, 12, 1153))
48 81 1D 04 37 01 00 00 11 CB 30 3C 96 14 00 82 F0 F8 4B 05 37 01 00 00 Toasty Table [2833] ((1126, 12, 1150))
78 81 1D 04 37 01 00 00 EA 80 30 36 A6 14 00 02 20 F8 4B 05 37 01 00 00 Round Table [234] ((1124, 12, 1147))
90 81 1D 04 37 01 00 00 5A 44 30 36 B6 14 00 02 50 F7 4B 05 37 01 00 00 Rustic Desk [1114] ((1122, 12, 1147))
A8 81 1D 04 37 01 00 00 E9 80 30 2E C6 14 00 02 80 F6 4B 05 37 01 00 00 Extravagant Table [233] ((1124, 12, 1143))
C0 81 1D 04 37 01 00 00 63 05 31 2E D6 14 00 02 B0 F5 4B 05 37 01 00 00 Emblematic Table [1379] ((1128, 12, 1143))
60 81 1D 04 37 01 00 00 E3 20 31 42 E6 14 00 02 D0 E3 4B 05 37 01 00 00 Bar Counter [227] ((1129, 12, 1153))
F0 81 1D 04 37 01 00 00 4A 85 31 46 F6 14 00 02 00 E3 4B 05 37 01 00 00 Royal Dining Table [1354] ((1132, 12, 1155))
D8 81 1D 04 37 01 00 00 54 02 31 32 06 15 00 02 E0 F4 4B 05 37 01 00 00 Simple Stool [596] ((1128, 12, 1145))
20 82 1D 04 37 01 00 00 5E 00 31 36 16 15 00 02 10 F4 4B 05 37 01 00 00 Wooden Stool [94] ((1128, 12, 1147))
38 82 1D 04 37 01 00 00 66 45 31 32 26 15 00 02 40 F3 4B 05 37 01 00 00 Bathing Stool [1382] ((1130, 12, 1145))
50 82 1D 04 37 01 00 00 D1 40 31 36 36 15 00 02 70 F2 4B 05 37 01 00 00 Stone Stool [209] ((1130, 12, 1147))
68 82 1D 04 37 01 00 00 5F 60 31 3A 46 15 00 02 A0 F1 4B 05 37 01 00 00 Comfy Stool [95] ((1131, 12, 1149))
80 82 1D 04 37 01 00 00 5C 85 31 36 56 15 00 02 D0 F0 4B 05 37 01 00 00 Comfy Cushion [1372] ((1132, 12, 1147))
98 82 1D 04 37 01 00 00 E4 80 31 32 66 15 00 02 00 F0 4B 05 37 01 00 00 Chic Chair [228] ((1132, 12, 1145))
B0 82 1D 04 37 01 00 00 76 8B 31 2E 76 15 00 02 30 EF 4B 05 37 01 00 00 Chær [2934] ((1132, 12, 1143))
C8 82 1D 04 37 01 00 00 7F 81 31 2A 84 15 00 02 60 EE 4B 05 37 01 00 00 Planting Pole [383] ((1132, 12, 1141))
E0 82 1D 04 37 01 00 00 B2 4B 31 26 96 15 00 02 90 ED 4B 05 37 01 00 00 Classy Couch [2994] ((1130, 12, 1139))
F8 82 1D 04 37 01 00 00 78 CB 30 26 A6 15 00 02 C0 EC 4B 05 37 01 00 00 Söfå [2936] ((1126, 12, 1139))
10 83 1D 04 37 01 00 00 74 45 30 26 B6 15 00 02 F0 EB 4B 05 37 01 00 00 Hargon’s Throne [1396] ((1122, 12, 1139))
B8 80 1D 04 37 01 00 00 FE C0 33 26 C6 15 00 02 90 51 4B 05 37 01 00 00 Dragonlord’s Throne [254] ((1118, 12, 1139))
40 83 1D 04 37 01 00 00 60 40 33 26 DA 15 00 02 C0 50 4B 05 37 01 00 00 Throne [96] ((1114, 12, 1139))
58 83 1D 04 37 01 00 00 E7 C0 32 26 E6 15 00 02 F0 4F 4B 05 37 01 00 00 Comfy Sofa [231] ((1110, 12, 1139))
70 83 1D 04 37 01 00 00 E2 C0 32 2A F6 15 00 02 20 4F 4B 05 37 01 00 00 Bench [226] ((1110, 12, 1141))
88 83 1D 04 37 01 00 00 7F 62 32 2A 06 16 00 02 50 4E 4B 05 37 01 00 00 Fancy Bench [639] ((1107, 12, 1141))
A0 83 1D 04 37 01 00 00 5A 02 32 2A 16 16 00 02 80 4D 4B 05 37 01 00 00 Simple Bench [602] ((1104, 12, 1141))
B8 83 1D 04 37 01 00 00 07 CC 31 6A 26 16 00 02 B0 4C 4B 05 37 01 00 00 Distinguished Deckchair [3079] ((1102, 12, 1141))
D0 83 1D 04 37 01 00 00 09 64 31 6A 36 16 00 02 E0 4B 4B 05 37 01 00 00 Deckchair [1033] ((1099, 12, 1141))
E8 83 1D 04 37 01 00 00 5D 04 31 6A 46 16 00 02 10 4B 4B 05 37 01 00 00 Planter [1117] ((1096, 12, 1141))
00 84 1D 04 37 01 00 00 F6 A1 30 2A 5A 16 00 02 40 4A 4B 05 37 01 00 00 Pet Bedding [502] ((1093, 12, 1141))
18 84 1D 04 37 01 00 00 75 42 30 2A 66 16 00 02 70 49 4B 05 37 01 00 00 Haystack [629] ((1090, 12, 1141))
30 84 1D 04 37 01 00 00 36 00 30 2A 76 16 00 02 A0 48 4B 05 37 01 00 00 Pot [54] ((1088, 12, 1141))
68 79 1D 04 37 01 00 00 EC C4 33 2A 86 16 00 02 30 F8 4A 05 37 01 00 00 Stone Pot [1260] ((1086, 12, 1141))
60 84 1D 04 37 01 00 00 EB 84 33 2A 98 16 00 82 60 F7 4A 05 37 01 00 00 Shower [1259] ((1084, 12, 1141))
78 84 1D 04 37 01 00 00 B3 0B 33 2A AA 16 00 02 90 F6 4A 05 37 01 00 00 Bubbly Bath [2995] ((1080, 12, 1141))
90 84 1D 04 37 01 00 00 6C C0 32 2A B6 16 00 02 C0 F5 4A 05 37 01 00 00 Sink [108] ((1078, 12, 1141))
A8 84 1D 04 37 01 00 00 35 C0 32 E6 C6 16 00 02 F0 F4 4A 05 37 01 00 00 Barrel [53] ((1078, 12, 1139))
C0 84 1D 04 37 01 00 00 34 80 32 2A D6 16 00 02 20 F4 4A 05 37 01 00 00 Crate [52] ((1076, 12, 1141))
D8 84 1D 04 37 01 00 00 F5 84 32 26 E6 16 00 02 50 F3 4A 05 37 01 00 00 Shelf [1269] ((1076, 12, 1139))
F0 84 1D 04 37 01 00 00 65 40 32 2A F6 16 00 02 80 F2 4A 05 37 01 00 00 Bookcase [101] ((1074, 12, 1141))
08 85 1D 04 37 01 00 00 D3 4B 32 66 06 17 00 02 B0 F1 4A 05 37 01 00 00 Sleek Shelf [3027] ((1074, 12, 1139))
20 85 1D 04 37 01 00 00 57 00 32 2A 14 17 00 02 E0 F0 4A 05 37 01 00 00 Bottles [87] ((1072, 12, 1141))
38 85 1D 04 37 01 00 00 3A 03 32 26 28 17 00 02 10 F0 4A 05 37 01 00 00 Cocktail Shaker [826] ((1072, 12, 1139))
50 85 1D 04 37 01 00 00 E2 C4 31 2A 34 17 00 02 40 EF 4A 05 37 01 00 00 Carafe Collection [1250] ((1070, 12, 1141))
68 85 1D 04 37 01 00 00 F0 C0 31 26 44 17 00 02 70 EE 4A 05 37 01 00 00 Water Jug [240] ((1070, 12, 1139))
80 85 1D 04 37 01 00 00 31 89 31 2A 54 17 00 02 A0 ED 4A 05 37 01 00 00 Pot and Shot Set [2353] ((1068, 12, 1141))
98 85 1D 04 37 01 00 00 F2 80 31 26 64 17 00 02 D0 EC 4A 05 37 01 00 00 Salad Plate [242] ((1068, 12, 1139))
B0 85 1D 04 37 01 00 00 F4 40 31 2A 74 17 00 02 00 EC 4A 05 37 01 00 00 Bread Basket [244] ((1066, 12, 1141))
C8 85 1D 04 37 01 00 00 54 45 31 26 84 17 00 82 30 EB 4A 05 37 01 00 00 Crock Pot [1364] ((1066, 12, 1139))
E0 85 1D 04 37 01 00 00 E4 04 31 2A 94 17 00 02 60 EA 4A 05 37 01 00 00 Deep-Fried Feast [1252] ((1064, 12, 1141))
F8 85 1D 04 37 01 00 00 F3 00 31 26 A4 17 00 02 90 E9 4A 05 37 01 00 00 Fish Dish [243] ((1064, 12, 1139))
10 86 1D 04 37 01 00 00 F5 C0 30 B4 B4 17 00 02 C0 E8 4A 05 37 01 00 00 Meat Feast [245] ((1062, 12, 1146))
28 86 1D 04 37 01 00 00 2E A9 30 28 C6 17 00 02 F0 E7 4A 05 37 01 00 00 Supersized Steak Set [2350] ((1061, 12, 1140))
40 86 1D 04 37 01 00 00 45 C9 30 AC DA 17 00 02 20 E7 4A 05 37 01 00 00 Meaty Marshy Mountain [2373] ((1062, 12, 1142))
58 86 1D 04 37 01 00 00 73 8B 30 B6 E6 17 00 02 50 E6 4A 05 37 01 00 00 Basic Basin [2931] ((1060, 12, 1147))
70 86 1D 04 37 01 00 00 FC 8A 30 B2 F4 17 00 02 80 E5 4A 05 37 01 00 00 Rice Ball Arrangement [2812] ((1060, 12, 1145))
88 86 1D 04 37 01 00 00 55 45 30 B6 04 18 00 02 B0 E4 4A 05 37 01 00 00 Sponge Cake [1365] ((1058, 12, 1147))
A0 86 1D 04 37 01 00 00 2F 49 30 B2 14 18 00 02 E0 E3 4A 05 37 01 00 00 Fruity Parfait [2351] ((1058, 12, 1145))
B8 86 1D 04 37 01 00 00 F1 60 30 AE 24 18 00 02 10 E3 4A 05 37 01 00 00 Tea Service [241] ((1059, 12, 1143))
D0 86 1D 04 37 01 00 00 50 62 30 AA 34 18 00 02 40 E2 4A 05 37 01 00 00 Banana Basket [592] ((1059, 12, 1141))
E8 86 1D 04 37 01 00 00 E2 6A 30 A6 44 18 00 82 70 E1 4A 05 37 01 00 00 Celebratory Soup [2786] ((1059, 12, 1139))
00 87 1D 04 37 01 00 00 F9 2A 30 A6 54 18 00 82 A0 E0 4A 05 37 01 00 00 Rice Dumpling Arrangement [2809] ((1057, 12, 1139))
18 87 1D 04 37 01 00 00 4E 2B 30 AA 64 18 00 02 D0 DF 4A 05 37 01 00 00 Flame-Grilled Fish [2894] ((1057, 12, 1141))
30 87 1D 04 37 01 00 00 54 2B 30 AE 74 18 00 02 00 DF 4A 05 37 01 00 00 Fancy Fresh Fish Platter [2900] ((1057, 12, 1143))
98 70 1D 04 37 01 00 00 C0 EB 33 A6 84 18 00 02 B0 96 4A 05 37 01 00 00 Omletti Spaghetti [3008] ((1055, 12, 1139))
60 87 1D 04 37 01 00 00 70 EB 33 AA 94 18 00 02 E0 95 4A 05 37 01 00 00 Plate Of Pancakes [2928] ((1055, 12, 1141))
78 87 1D 04 37 01 00 00 5C E4 33 AE A6 18 00 02 10 95 4A 05 37 01 00 00 Coffer [1116] ((1055, 12, 1143))
90 87 1D 04 37 01 00 00 C2 E7 33 B8 B6 18 00 02 40 94 4A 05 37 01 00 00 Noticeboard [1986] ((1055, 12, 1148))
A8 87 1D 04 37 01 00 00 33 E7 33 B4 C6 18 00 02 70 93 4A 05 37 01 00 00 Bell [1843] ((1055, 12, 1146))
C0 87 1D 04 37 01 00 00 30 A7 33 34 DA 18 00 02 A0 92 4A 05 37 01 00 00 Boogie Board [1840] ((1053, 12, 1146))
D8 87 1D 04 37 01 00 00 3E A9 33 B0 E4 18 00 02 D0 91 4A 05 37 01 00 00 Rubber Ring [2366] ((1053, 12, 1144))
F0 87 1D 04 37 01 00 00 4E A2 33 AC F6 18 00 02 00 91 4A 05 37 01 00 00 Frying Pan [590] ((1053, 12, 1142))
08 88 1D 04 37 01 00 00 5D A5 33 A6 04 19 00 02 30 90 4A 05 37 01 00 00 Note [1373] ((1053, 12, 1139))
20 88 1D 04 37 01 00 00 5E 65 33 B8 14 19 00 02 60 8F 4A 05 37 01 00 00 Book [1374] ((1051, 12, 1148))
38 88 1D 04 37 01 00 00 EF 60 33 B4 24 19 00 02 90 8E 4A 05 37 01 00 00 Stationery [239] ((1051, 12, 1146))
50 88 1D 04 37 01 00 00 64 62 33 B0 34 19 00 02 C0 8D 4A 05 37 01 00 00 Book of Blue Prints [612] ((1051, 12, 1144))
68 88 1D 04 37 01 00 00 E1 64 33 AC 44 19 00 02 F0 8C 4A 05 37 01 00 00 Playing Cards [1249] ((1051, 12, 1142))
80 88 1D 04 37 01 00 00 F6 60 33 A8 54 19 00 02 20 8C 4A 05 37 01 00 00 Treasures ‘n’ Trapdoors [246] ((1051, 12, 1140))
98 88 1D 04 37 01 00 00 62 05 33 A6 64 19 00 02 50 8B 4A 05 37 01 00 00 Map [1378] ((1048, 12, 1139))
B0 88 1D 04 37 01 00 00 D1 2B 33 B8 74 19 00 02 80 8A 4A 05 37 01 00 00 Modern Art [3025] ((1049, 12, 1148))
C8 88 1D 04 37 01 00 00 EB 23 33 AC 84 19 00 02 B0 89 4A 05 37 01 00 00 Smashing Sign [1003] ((1049, 12, 1142))
E0 88 1D 04 37 01 00 00 60 25 33 B0 94 19 00 02 E0 88 4A 05 37 01 00 00 Small-Scale Soldier [1376] ((1049, 12, 1144))
F8 88 1D 04 37 01 00 00 61 25 33 B4 A4 19 00 02 10 88 4A 05 37 01 00 00 Small-Scale Slime [1377] ((1049, 12, 1146))
10 89 1D 04 37 01 00 00 60 E4 32 B4 B6 19 00 02 40 87 4A 05 37 01 00 00 Medicinal Mortar [1120] ((1047, 12, 1146))
28 89 1D 04 37 01 00 00 F3 E3 32 B0 C4 19 00 02 70 86 4A 05 37 01 00 00 First Aid Kit [1011] ((1047, 12, 1144))
40 89 1D 04 37 01 00 00 EE E0 32 AC D4 19 00 02 A0 85 4A 05 37 01 00 00 Dumb-Bells [238] ((1047, 12, 1142))
58 89 1D 04 37 01 00 00 12 A4 32 B4 E6 19 00 02 D0 84 4A 05 37 01 00 00 Incense Burner [1042] ((1045, 12, 1146))
70 89 1D 04 37 01 00 00 5B A5 32 B0 F6 19 00 02 00 84 4A 05 37 01 00 00 Crystal Ball [1371] ((1045, 12, 1144))
88 89 1D 04 37 01 00 00 6F AB 32 AC 04 1A 00 02 30 83 4A 05 37 01 00 00 Chopping Board [2927] ((1045, 12, 1142))
A0 89 1D 04 37 01 00 00 C4 AB 32 A8 14 1A 00 02 60 82 4A 05 37 01 00 00 Cooking Pot [3012] ((1045, 12, 1140))
B8 89 1D 04 37 01 00 00 BC AB 32 A4 24 1A 00 02 90 81 4A 05 37 01 00 00 Long-Stemmed Rose [3004] ((1045, 12, 1138))
D0 89 1D 04 37 01 00 00 BE 6B 32 B4 34 1A 00 02 C0 80 4A 05 37 01 00 00 Alarm Clock [3006] ((1043, 12, 1146))
E8 89 1D 04 37 01 00 00 BF 2B 32 B4 46 1A 00 02 F0 7F 4A 05 37 01 00 00 Tower of Towels [3007] ((1041, 12, 1146))
00 8A 1D 04 37 01 00 00 FF EA 31 AE 56 1A 00 02 20 7F 4A 05 37 01 00 00 Samurai Sword Collection [2815] ((1039, 12, 1143))
18 8A 1D 04 37 01 00 00 56 20 32 B0 64 1A 00 02 50 7E 4A 05 37 01 00 00 Pot Plant [86] ((1041, 12, 1144))
30 8A 1D 04 37 01 00 00 7E 62 32 B0 74 1A 00 02 80 7D 4A 05 37 01 00 00 Rope [638] ((1043, 12, 1144))
48 8A 1D 04 37 01 00 00 62 64 32 AC 86 1A 00 02 B0 7C 4A 05 37 01 00 00 Firewood [1122] ((1043, 12, 1142))
60 8A 1D 04 37 01 00 00 EC 20 32 AC 96 1A 00 02 E0 7B 4A 05 37 01 00 00 Plant Pot [236] ((1041, 12, 1142))
78 8A 1D 04 37 01 00 00 64 64 32 A8 A6 1A 00 02 10 7B 4A 05 37 01 00 00 Sack of Wheat [1124] ((1043, 12, 1140))
90 8A 1D 04 37 01 00 00 5F 25 32 A8 B6 1A 00 02 40 7A 4A 05 37 01 00 00 Biblio-Pile [1375] ((1041, 12, 1140))
A8 8A 1D 04 37 01 00 00 75 24 32 A4 C4 1A 00 02 70 79 4A 05 37 01 00 00 Swabbing Tools [1141] ((1041, 12, 1138))
C0 8A 1D 04 37 01 00 00 63 64 32 A4 D4 1A 00 02 A0 78 4A 05 37 01 00 00 Farming Tools [1123] ((1043, 12, 1138))
D8 8A 1D 04 37 01 00 00 F4 84 31 AA E6 1A 00 02 D0 77 4A 05 37 01 00 00 Hexagonal Planter [1268] ((1036, 12, 1141))
F0 8A 1D 04 37 01 00 00 FB C4 31 AA F4 1A 00 02 00 77 4A 05 37 01 00 00 Mining Tools [1275] ((1038, 12, 1141))
08 8B 1D 04 37 01 00 00 4D C0 31 A6 06 1B 00 02 30 76 4A 05 37 01 00 00 Well [77] ((1038, 12, 1139))
20 8B 1D 04 37 01 00 00 F6 83 31 A6 16 1B 00 02 60 75 4A 05 37 01 00 00 Helm [1014] ((1036, 12, 1139))
38 8B 1D 04 37 01 00 00 6A 40 31 A6 26 1B 00 02 90 74 4A 05 37 01 00 00 Ornamental Armour [106] ((1034, 12, 1139))
50 8B 1D 04 37 01 00 00 71 00 31 B2 36 1B 00 02 C0 73 4A 05 37 01 00 00 Treasure Chest [113] ((1032, 12, 1145))
68 8B 1D 04 37 01 00 00 23 0B 31 AE 44 1B 00 02 F0 72 4A 05 37 01 00 00 Sandals [2851] ((1032, 12, 1143))
80 8B 1D 04 37 01 00 00 F8 0A 31 AA 56 1B 00 02 20 72 4A 05 37 01 00 00 Rice Sack [2808] ((1032, 12, 1141))
98 8B 1D 04 37 01 00 00 D7 0B 31 A6 64 1B 00 02 50 71 4A 05 37 01 00 00 High Heels [3031] ((1032, 12, 1139))
B0 8B 1D 04 37 01 00 00 A7 C8 30 AC 76 1B 00 06 80 70 4A 05 37 01 00 00 Horizontal Pipe [2215] ((1030, 12, 1142))
C8 8B 1D 04 37 01 00 00 C2 68 34 AC 86 1B 00 02 B0 6F 4A 05 37 01 00 00 Leftward Joint Pipe [2242] ((1027, 13, 1142))
E0 8B 1D 04 37 01 00 00 C2 88 34 AC 96 1B 00 06 E0 6E 4A 05 37 01 00 00 Leftward Joint Pipe [2242] ((1028, 13, 1142))
F8 8B 1D 04 37 01 00 00 C2 68 30 AC A6 1B 00 0E 10 6E 4A 05 37 01 00 00 Leftward Joint Pipe [2242] ((1027, 12, 1142))
10 8C 1D 04 37 01 00 00 C2 88 30 AC B6 1B 00 0A 40 6D 4A 05 37 01 00 00 Leftward Joint Pipe [2242] ((1028, 12, 1142))
28 8C 1D 04 37 01 00 00 AF C8 30 A8 C6 1B 00 02 70 6C 4A 05 37 01 00 00 Cross Pipe [2223] ((1030, 12, 1140))
40 8C 1D 04 37 01 00 00 52 85 30 A8 D6 1B 00 02 A0 6B 4A 05 37 01 00 00 Target Dummy [1362] ((1028, 12, 1140))
58 8C 1D 04 37 01 00 00 6E 20 30 AE E6 1B 00 02 D0 6A 4A 05 37 01 00 00 Goddess Statue [110] ((1025, 12, 1143))
70 8C 1D 04 37 01 00 00 72 25 30 AA F6 1B 00 02 00 6A 4A 05 37 01 00 00 False Idol [1394] ((1025, 12, 1141))
88 8C 1D 04 37 01 00 00 E3 2A 30 A6 06 1C 00 02 30 69 4A 05 37 01 00 00 Ornate Adornment [2787] ((1025, 12, 1139))
50 67 1D 04 37 01 00 00 10 EB 33 AE 16 1C 00 02 C0 32 4A 05 37 01 00 00 Monster Monument [2832] ((1023, 12, 1143))
B8 8C 1D 04 37 01 00 00 CE EB 33 AA 26 1C 00 02 F0 31 4A 05 37 01 00 00 Anthurium [3022] ((1023, 12, 1141))
D0 8C 1D 04 37 01 00 00 5A E5 33 A6 36 1C 00 02 20 31 4A 05 37 01 00 00 Folding Screen [1370] ((1023, 12, 1139))
E8 8C 1D 04 37 01 00 00 7C A2 33 AC 46 1C 00 02 50 30 4A 05 37 01 00 00 Ornamental Spears [636] ((1021, 12, 1142))
00 8D 1D 04 37 01 00 00 61 84 33 A8 56 1C 00 02 80 2F 4A 05 37 01 00 00 Swing [1121] ((1020, 12, 1140))
18 8D 1D 04 37 01 00 00 26 44 33 AE 64 1C 00 02 B0 2E 4A 05 37 01 00 00 Sunbrella [1062] ((1018, 12, 1143))
30 8D 1D 04 37 01 00 00 06 0C 33 AE 74 1C 00 02 E0 2D 4A 05 37 01 00 00 Chic Sunbrella [3078] ((1016, 12, 1143))
48 8D 1D 04 37 01 00 00 6A C5 32 AE 84 1C 00 02 10 2D 4A 05 37 01 00 00 Banner of Erdrick [1386] ((1014, 12, 1143))
60 8D 1D 04 37 01 00 00 2D 40 33 AA 96 1C 00 02 40 2C 4A 05 37 01 00 00 Wooden Memorial [45] ((1018, 12, 1141))
78 8D 1D 04 37 01 00 00 2E 00 33 AA A6 1C 00 02 70 2B 4A 05 37 01 00 00 Gravestone [46] ((1016, 12, 1141))
90 8D 1D 04 37 01 00 00 2B C0 32 AA B6 1C 00 02 A0 2A 4A 05 37 01 00 00 Metal Memorial [43] ((1014, 12, 1141))
A8 8D 1D 04 37 01 00 00 DD 84 32 AA C4 1C 00 82 D0 29 4A 05 37 01 00 00 Fun-Sized Fountain [1245] ((1012, 12, 1141))
C0 8D 1D 04 37 01 00 00 C7 40 32 AA D6 1C 00 82 00 29 4A 05 37 01 00 00 Fountain [199] ((1010, 12, 1141))
D8 8D 1D 04 37 01 00 00 DE 64 32 AE E6 1C 00 82 30 28 4A 05 37 01 00 00 Super Spouter [1246] ((1011, 12, 1143))
F0 8D 1D 04 37 01 00 00 D6 20 32 AE F6 1C 00 82 60 27 4A 05 37 01 00 00 Filter Fountain [214] ((1009, 12, 1143))
08 8E 1D 04 37 01 00 00 65 05 32 AA 06 1D 00 82 90 26 4A 05 37 01 00 00 Spa Spout [1381] ((1008, 12, 1141))
20 8E 1D 04 37 01 00 00 8F E0 31 AE 16 1D 00 02 C0 25 4A 05 37 01 00 00 Fierce Fountain [143] ((1007, 12, 1143))
38 8E 1D 04 37 01 00 00 18 CB 31 AA 26 1D 00 02 F0 24 4A 05 37 01 00 00 Indefinite Donking Device [2840] ((1006, 12, 1141))
50 8E 1D 04 37 01 00 00 13 4B 33 A4 36 1D 00 02 20 24 4A 05 37 01 00 00 Waterwheel [2835] ((1018, 12, 1138))
68 8E 1D 04 37 01 00 00 80 A0 32 A4 46 1D 00 02 50 23 4A 05 37 01 00 00 Vile Tile [128] ((1013, 12, 1138))
80 8E 1D 04 37 01 00 00 86 40 32 A4 56 1D 00 02 80 22 4A 05 37 01 00 00 Helliportal [134] ((1010, 12, 1138))
98 8E 1D 04 37 01 00 00 81 E0 31 A4 66 1D 00 82 B0 21 4A 05 37 01 00 00 Seal of Erdrick [129] ((1007, 12, 1138))
B0 8E 1D 04 37 01 00 00 38 85 31 A4 76 1D 00 02 E0 20 4A 05 37 01 00 00 Large Castle Tile [1336] ((1004, 12, 1138))
C8 8E 1D 04 37 01 00 00 FE 2A 31 A4 86 1D 00 02 10 20 4A 05 37 01 00 00 Big Bronze Bell [2814] ((1001, 12, 1138))
E0 8E 1D 04 37 01 00 00 2C 69 31 AA 96 1D 00 02 40 1F 4A 05 37 01 00 00 Treasure Pile [2348] ((1003, 12, 1141))
F8 8E 1D 04 37 01 00 00 F1 A4 31 AE A6 1D 00 02 70 1E 4A 05 37 01 00 00 Cello [1265] ((1005, 12, 1143))
10 8F 1D 04 37 01 00 00 F0 E4 30 EC B6 1D 00 02 A0 1D 4A 05 37 01 00 00 Drum Kit [1264] ((999, 12, 1142))
28 8F 1D 04 37 01 00 00 ED A0 30 EC C6 1D 00 02 D0 1C 4A 05 37 01 00 00 Player Lyre [237] ((997, 12, 1142))
40 8F 1D 04 37 01 00 00 29 63 30 AA D6 1D 00 02 00 1C 4A 05 37 01 00 00 Grand Piano [809] ((995, 12, 1141))
58 8F 1D 04 37 01 00 00 53 CB 30 A4 E6 1D 00 02 30 1B 4A 05 37 01 00 00 Marine Monument [2899] ((998, 12, 1138))
70 8F 1D 04 37 01 00 00 82 69 30 A4 F6 1D 00 02 60 1A 4A 05 37 01 00 00 Vault Bracket [2434] ((995, 12, 1138))
88 8F 1D 04 37 01 00 00 D0 2B 30 A4 04 1E 00 02 90 19 4A 05 37 01 00 00 Rigid Rope [3024] ((993, 12, 1138))
18 69 1D 04 37 01 00 00 C1 EB 33 A4 14 1E 00 02 C0 A3 49 05 37 01 00 00 Iron Pillar [3009] ((991, 12, 1138))
B8 8F 1D 04 37 01 00 00 A2 A8 33 A4 26 1E 00 02 F0 A2 49 05 37 01 00 00 Citadel Bracket [2210] ((989, 12, 1138))
D0 8F 1D 04 37 01 00 00 F0 6B 33 A4 34 1E 00 02 20 A2 49 05 37 01 00 00 Wooden Pillar [3056] ((987, 12, 1138))
E8 8F 1D 04 37 01 00 00 3E E0 33 AC 44 1E 00 02 50 A1 49 05 37 01 00 00 Armourer’s Sign [62] ((991, 12, 1142))
00 90 1D 04 37 01 00 00 3F E0 33 A8 54 1E 00 02 80 A0 49 05 37 01 00 00 Shop Sign [63] ((991, 12, 1140))
18 90 1D 04 37 01 00 00 40 A0 33 A8 64 1E 00 02 B0 9F 49 05 37 01 00 00 Inn Sign [64] ((989, 12, 1140))
30 90 1D 04 37 01 00 00 7B 62 33 A8 74 1E 00 02 E0 9E 49 05 37 01 00 00 Pub Sign [635] ((987, 12, 1140))
48 90 1D 04 37 01 00 00 32 25 33 A8 84 1E 00 02 10 9E 49 05 37 01 00 00 Wooden Bracket [1330] ((985, 12, 1140))
60 90 1D 04 37 01 00 00 58 24 33 A4 94 1E 00 02 40 9D 49 05 37 01 00 00 Bunting [1112] ((985, 12, 1138))
78 90 1D 04 37 01 00 00 98 E0 32 A8 A4 1E 00 02 70 9C 49 05 37 01 00 00 Hela’s Hammer Sign [152] ((983, 12, 1140))
90 90 1D 04 37 01 00 00 59 E4 32 A4 B4 1E 00 02 A0 9B 49 05 37 01 00 00 Cloth Sacks [1113] ((983, 12, 1138))
A8 90 1D 04 37 01 00 00 37 A0 32 A4 C4 1E 00 02 D0 9A 49 05 37 01 00 00 Leather Sack [55] ((981, 12, 1138))
C0 90 1D 04 37 01 00 00 EA 64 32 A4 D4 1E 00 02 00 9A 49 05 37 01 00 00 Cooking Utensils [1258] ((979, 12, 1138))
D8 90 1D 04 37 01 00 00 69 80 32 A8 E4 1E 00 02 30 99 49 05 37 01 00 00 Ornamental Swords [105] ((980, 12, 1140))
F0 90 1D 04 37 01 00 00 7E 80 32 2E F4 1E 00 02 60 98 49 05 37 01 00 00 Chains [126] ((980, 12, 1143))
08 91 1D 04 37 01 00 00 6F C0 32 3E 04 1F 00 02 90 97 49 05 37 01 00 00 Clover Carving [111] ((982, 12, 1151))
20 91 1D 04 37 01 00 00 30 45 32 3E 14 1F 00 02 C0 96 49 05 37 01 00 00 Hargon’s Standard [1328] ((978, 12, 1151))
78 69 1D 04 37 01 00 00 44 05 32 00 24 1F 00 02 F0 0A 4A 05 37 01 00 00 Wall-Mounted Banner [1348] ((976, 12, 1152))
38 91 1D 04 37 01 00 00 74 80 31 3E 34 1F 00 02 F0 95 49 05 37 01 00 00 Big Bold Banner [116] ((972, 12, 1151))
68 91 1D 04 37 01 00 00 73 C0 31 3E 44 1F 00 02 20 95 49 05 37 01 00 00 Bold Banner [115] ((974, 12, 1151))
80 91 1D 04 37 01 00 00 72 80 32 3A 54 1F 00 02 50 94 49 05 37 01 00 00 Decorative Drapery [114] ((980, 12, 1149))
98 91 1D 04 37 01 00 00 87 42 32 3A 64 1F 00 02 80 93 49 05 37 01 00 00 Curtain (tied) [647] ((978, 12, 1149))
B0 91 1D 04 37 01 00 00 87 02 32 3A 74 1F 00 82 B0 92 49 05 37 01 00 00 Curtain (tied) [647] ((976, 12, 1149))
C8 91 1D 04 37 01 00 00 41 45 31 3A 84 1F 00 02 E0 91 49 05 37 01 00 00 Stage Curtain Left [1345] ((970, 12, 1149))
E0 91 1D 04 37 01 00 00 41 A5 31 3A 94 1F 00 82 10 91 49 05 37 01 00 00 Stage Curtain Left [1345] ((973, 12, 1149))
F8 91 1D 04 37 01 00 00 01 64 32 32 A6 1F 00 02 40 90 49 05 37 01 00 00 Dartboard [1025] ((979, 12, 1145))
10 92 1D 04 37 01 00 00 57 04 32 32 B4 1F 00 02 70 8F 49 05 37 01 00 00 Framed Foliage [1111] ((976, 12, 1145))
28 92 1D 04 37 01 00 00 2B A9 31 32 C4 1F 00 82 A0 8E 49 05 37 01 00 00 Framed Flowers [2347] ((973, 12, 1145))
40 92 1D 04 37 01 00 00 56 44 31 32 D4 1F 00 02 D0 8D 49 05 37 01 00 00 Wall Hanging [1110] ((970, 12, 1145))
58 92 1D 04 37 01 00 00 45 05 32 36 E6 1F 00 02 00 8D 49 05 37 01 00 00 Brass Bracket [1349] ((976, 12, 1147))
70 92 1D 04 37 01 00 00 41 C9 31 36 F6 1F 00 02 30 8C 49 05 37 01 00 00 Comfy Killerpillar Tail [2369] ((974, 12, 1147))
88 92 1D 04 37 01 00 00 40 89 31 36 06 20 00 02 60 8B 49 05 37 01 00 00 Comfy Killerpillar Body [2368] ((972, 12, 1147))
A0 92 1D 04 37 01 00 00 3F 49 31 36 16 20 00 02 90 8A 49 05 37 01 00 00 Comfy Killerpillar Head [2367] ((970, 12, 1147))
B8 92 1D 04 37 01 00 00 C1 45 32 2E 26 20 00 02 C0 89 49 05 37 01 00 00 Stackable Drackolyte [1473] ((978, 12, 1143))
D0 92 1D 04 37 01 00 00 C0 05 32 2E 36 20 00 02 F0 88 49 05 37 01 00 00 Stackable Drackyma [1472] ((976, 12, 1143))
E8 92 1D 04 37 01 00 00 BF C5 31 2E 46 20 00 02 20 88 49 05 37 01 00 00 Stackable Dracky [1471] ((974, 12, 1143))
00 93 1D 04 37 01 00 00 F7 80 31 2E 54 20 00 02 50 87 49 05 37 01 00 00 Stuffed Hammerhood [247] ((972, 12, 1143))
18 93 1D 04 37 01 00 00 33 49 31 2E 64 20 00 02 80 86 49 05 37 01 00 00 Stuffed Spiked Hare [2355] ((970, 12, 1143))
30 93 1D 04 37 01 00 00 F7 43 31 3E 76 20 00 82 B0 85 49 05 37 01 00 00 Slime Light [1015] ((970, 12, 1151))
48 93 1D 04 37 01 00 00 2D E9 31 2A 86 20 00 82 E0 84 49 05 37 01 00 00 Emblematic Clock [2349] ((975, 12, 1141))
60 93 1D 04 37 01 00 00 C6 80 31 2A 94 20 00 02 10 84 49 05 37 01 00 00 Portrait of a Lady [198] ((972, 12, 1141))
78 93 1D 04 37 01 00 00 83 A0 31 26 A6 20 00 02 40 83 49 05 37 01 00 00 Vile Visage [131] ((973, 12, 1139))
90 93 1D 04 37 01 00 00 79 00 32 26 B4 20 00 02 70 82 49 05 37 01 00 00 Decorative Shield [121] ((976, 12, 1139))
A8 93 1D 04 37 01 00 00 F8 E3 30 3E C6 20 00 82 A0 81 49 05 37 01 00 00 King Slime Light [1016] ((967, 12, 1151))
C0 93 1D 04 37 01 00 00 FA 00 31 38 D6 20 00 02 D0 80 49 05 37 01 00 00 Healix The Hero [250] ((968, 12, 1148))
D8 93 1D 04 37 01 00 00 92 00 31 34 E6 20 00 02 00 80 49 05 37 01 00 00 Slime Balloons [146] ((968, 12, 1146))
F0 93 1D 04 37 01 00 00 34 89 30 3E F6 20 00 02 30 7F 49 05 37 01 00 00 Fat Rat Signpost [2356] ((964, 12, 1151))
08 94 1D 04 37 01 00 00 35 89 30 38 06 21 00 82 60 7E 49 05 37 01 00 00 Crested Viper Fountain [2357] ((964, 12, 1148))
20 94 1D 04 37 01 00 00 F8 00 30 3E 14 21 00 02 90 7D 49 05 37 01 00 00 Powie Yowie Rug [248] ((960, 12, 1151))
38 94 1D 04 37 01 00 00 32 09 30 36 26 21 00 02 C0 7C 49 05 37 01 00 00 Rockbomb Bed [2354] ((960, 12, 1147))
50 94 1D 04 37 01 00 00 B5 07 31 2E 36 21 00 02 F0 7B 49 05 37 01 00 00 Stackable Slime [1973] ((968, 12, 1143))
68 94 1D 04 37 01 00 00 BB 40 31 2A 46 21 00 02 20 7B 49 05 37 01 00 00 Wooden Minecart [187] ((970, 12, 1141))
80 94 1D 04 37 01 00 00 BC 00 31 2A 56 21 00 02 50 7A 49 05 37 01 00 00 Spiked Metal Minecart [188] ((968, 12, 1141))
98 94 1D 04 37 01 00 00 3E 03 31 26 66 21 00 02 80 79 49 05 37 01 00 00 Crash Cart [830] ((968, 12, 1139))
B0 94 1D 04 37 01 00 00 3F 43 31 26 76 21 00 02 B0 78 49 05 37 01 00 00 Metal Minecart [831] ((970, 12, 1139))
C8 94 1D 04 37 01 00 00 5B 49 31 62 86 21 00 82 E0 77 49 05 37 01 00 00 Choo-Choo Train Engine [2395] ((970, 12, 1137))
E0 94 1D 04 37 01 00 00 5A 09 31 E2 96 21 00 82 10 77 49 05 37 01 00 00 Choo-Choo Train Carriage [2394] ((968, 12, 1137))
F8 94 1D 04 37 01 00 00 B8 80 30 B2 A6 21 00 02 40 76 49 05 37 01 00 00 Curved Track [184] ((964, 12, 1145))
10 95 1D 04 37 01 00 00 B7 C0 30 B2 B6 21 00 02 70 75 49 05 37 01 00 00 Straight Track [183] ((966, 12, 1145))
28 95 1D 04 37 01 00 00 B9 C0 30 2E C6 21 00 02 A0 74 49 05 37 01 00 00 Sloped Track [185] ((966, 12, 1143))
40 95 1D 04 37 01 00 00 BA 80 30 2E D6 21 00 02 D0 73 49 05 37 01 00 00 Stop Sign [186] ((964, 12, 1143))
58 95 1D 04 37 01 00 00 F9 A3 30 2A E4 21 00 02 00 73 49 05 37 01 00 00 Slimy Eye [1017] ((965, 12, 1141))
70 95 1D 04 37 01 00 00 FA A4 30 26 F6 21 00 02 30 72 49 05 37 01 00 00 Protective Planks [1274] ((965, 12, 1139))
88 95 1D 04 37 01 00 00 A9 40 30 AC 06 22 00 02 60 71 49 05 37 01 00 00 Cannon [169] ((962, 12, 1142))
A0 95 1D 04 37 01 00 00 72 C4 30 22 14 22 00 02 90 70 49 05 37 01 00 00 Cannonball [1138] ((966, 12, 1137))
B8 95 1D 04 37 01 00 00 87 80 30 22 24 22 00 02 C0 6F 49 05 37 01 00 00 Spike Trap [135] ((964, 12, 1137))
D0 95 1D 04 37 01 00 00 3B 40 30 22 36 22 00 02 F0 6E 49 05 37 01 00 00 Barricade [59] ((962, 12, 1137))
E8 95 1D 04 37 01 00 00 AA 60 30 A6 46 22 00 02 20 6E 49 05 37 01 00 00 Piston [170] ((963, 12, 1139))
00 96 1D 04 37 01 00 00 C2 25 30 26 54 22 00 02 50 6D 49 05 37 01 00 00 Pressure Plate [1474] ((961, 12, 1139))
18 96 1D 04 37 01 00 00 67 05 30 22 66 22 00 02 80 6C 49 05 37 01 00 00 Trampoline [1383] ((960, 12, 1137))
00 00 00 00 00 00 00 00 AD E0 33 A6 76 22 00 02 40 D1 49 05 37 01 00 00 Ballista [173] ((959, 12, 1139))
48 96 1D 04 37 01 00 00 3B E8 33 2C 84 22 00 02 70 D0 49 05 37 01 00 00 Downwards-Pointing Activator [2107] ((959, 12, 1142))
60 96 1D 04 37 01 00 00 3A A8 33 2C 94 22 00 02 A0 CF 49 05 37 01 00 00 Upwards-Pointing Activator [2106] ((957, 12, 1142))
78 96 1D 04 37 01 00 00 C3 65 33 2C A4 22 00 02 D0 CE 49 05 37 01 00 00 Button [1475] ((955, 12, 1142))
90 96 1D 04 37 01 00 00 FA 63 33 30 B4 22 00 02 00 CE 49 05 37 01 00 00 Slimy Mouth [1018] ((955, 12, 1144))
A8 96 1D 04 37 01 00 00 7F 48 33 36 C6 22 00 82 30 CD 49 05 37 01 00 00 Goldinoggin [2175] ((954, 12, 1147))
C0 96 1D 04 37 01 00 00 EE C3 33 BA D6 22 00 02 60 CC 49 05 37 01 00 00 Sideways-Pointing Puller [1006] ((958, 12, 1149))
D8 96 1D 04 37 01 00 00 EF 83 33 3A E6 22 00 02 90 CB 49 05 37 01 00 00 Upwards-Pointing Puller [1007] ((956, 12, 1149))
F0 96 1D 04 37 01 00 00 F0 43 33 3A F6 22 00 02 C0 CA 49 05 37 01 00 00 Downwards-Pointing Puller [1008] ((954, 12, 1149))
08 97 1D 04 37 01 00 00 FD 43 33 BE 06 23 00 02 F0 C9 49 05 37 01 00 00 Sideways-Pointing Pusher [1021] ((954, 12, 1151))
20 97 1D 04 37 01 00 00 FE 83 33 3E 16 23 00 02 20 C9 49 05 37 01 00 00 Upwards-Pointing Pusher [1022] ((956, 12, 1151))
38 97 1D 04 37 01 00 00 FF C3 33 3E 26 23 00 02 50 C8 49 05 37 01 00 00 Downwards-Pointing Pusher [1023] ((958, 12, 1151))
50 97 1D 04 37 01 00 00 51 40 33 28 36 23 00 82 80 C7 49 05 37 01 00 00 Cookfire [81] ((954, 12, 1140))
68 97 1D 04 37 01 00 00 50 C0 33 22 46 23 00 82 B0 C6 49 05 37 01 00 00 Bonfire [80] ((958, 12, 1137))
80 70 1D 04 37 01 00 00 AE 80 30 88 56 23 00 02 C0 C1 4A 05 37 01 00 00 Magic Cannon [174] ((1028, 12, 1156))
98 97 1D 04 37 01 00 00 13 24 30 08 66 23 00 02 F0 C0 4A 05 37 01 00 00 Zap Trap [1043] ((1025, 12, 1156))
B0 6A 1D 04 37 01 00 00 14 E4 33 06 76 23 00 02 20 58 4A 05 37 01 00 00 Zoompoline [1044] ((1023, 12, 1155))
C8 97 1D 04 37 01 00 00 73 A8 33 06 84 23 00 02 50 57 4A 05 37 01 00 00 Sizz Snare [2163] ((1021, 12, 1155))
B0 97 1D 04 37 01 00 00 DF C7 30 08 94 23 00 82 20 C0 4A 05 37 01 00 00 Crack Contraption [2015] ((1030, 12, 1156))
30 96 1D 04 37 01 00 00 74 A8 31 22 A6 23 00 02 B0 6B 49 05 37 01 00 00 Woosh Widget [2164] ((973, 12, 1137))
F8 97 1D 04 37 01 00 00 50 C5 30 8C B6 23 00 02 50 BF 4A 05 37 01 00 00 Broken Stone Wall [1360] ((1030, 12, 1158))
28 98 1D 04 37 01 00 00 4D 05 31 8C C6 23 00 02 80 BE 4A 05 37 01 00 00 Broken Castle Wall [1357] ((1032, 12, 1158))
40 98 1D 04 37 01 00 00 4F 45 31 8A D6 23 00 02 B0 BD 4A 05 37 01 00 00 Broken Citadel Wall [1359] ((1034, 12, 1157))
58 98 1D 04 37 01 00 00 80 89 31 8A E6 23 00 02 E0 BC 4A 05 37 01 00 00 Broken Vault Wall [2432] ((1036, 12, 1157))
70 98 1D 04 37 01 00 00 81 C9 31 8A F6 23 00 02 10 BC 4A 05 37 01 00 00 Broken Masonry [2433] ((1038, 12, 1157))
88 98 1D 04 37 01 00 00 30 00 32 8A 06 24 00 02 40 BB 4A 05 37 01 00 00 Broken Brickwork [48] ((1040, 12, 1157))
A0 98 1D 04 37 01 00 00 55 61 32 8A 16 24 00 02 70 BA 4A 05 37 01 00 00 Toppled Column [341] ((1043, 12, 1157))
B8 98 1D 04 37 01 00 00 B1 C8 32 8A 26 24 00 02 A0 B9 4A 05 37 01 00 00 Toppled Citadel Column [2225] ((1046, 12, 1157))
D0 98 1D 04 37 01 00 00 D9 04 33 8A 36 24 00 02 D0 B8 4A 05 37 01 00 00 Vault Wall Rubble [1241] ((1048, 12, 1157))
E8 98 1D 04 37 01 00 00 3B 49 33 8A 46 24 00 02 00 B8 4A 05 37 01 00 00 Citadel Wall Rubble [2363] ((1050, 12, 1157))
00 99 1D 04 37 01 00 00 4E 45 33 8E 5A 24 00 02 30 B7 4A 05 37 01 00 00 Disfigured Throne [1358] ((1050, 12, 1159))
18 99 1D 04 37 01 00 00 2F C0 32 8E 66 24 00 02 60 B6 4A 05 37 01 00 00 Dilapidated Crate [47] ((1046, 12, 1159))
30 99 1D 04 37 01 00 00 94 82 32 8E 76 24 00 02 90 B5 4A 05 37 01 00 00 Mud-Brick Wall Rubble [660] ((1044, 12, 1159))
48 99 1D 04 37 01 00 00 A3 40 32 8E 84 24 00 02 C0 B4 4A 05 37 01 00 00 Old Note [163] ((1042, 12, 1159))
60 99 1D 04 37 01 00 00 A2 00 32 8E 94 24 00 02 F0 B3 4A 05 37 01 00 00 Old Book [162] ((1040, 12, 1159))
78 99 1D 04 37 01 00 00 64 C5 31 8E A4 24 00 02 20 B3 4A 05 37 01 00 00 Floating Flower Petals [1380] ((1038, 12, 1159))
90 99 1D 04 37 01 00 00 6B 85 31 8E B4 24 00 02 50 B2 4A 05 37 01 00 00 Tattered Banner of Erdrick [1387] ((1036, 12, 1159))
A8 99 1D 04 37 01 00 00 0B 04 31 90 C4 24 00 02 80 B1 4A 05 37 01 00 00 Tattered Standard [1035] ((1032, 12, 1160))
C0 99 1D 04 37 01 00 00 0D 84 30 8E D4 24 00 82 B0 B0 4A 05 37 01 00 00 Banner of Hargon [1037] ((1028, 12, 1159))
D8 99 1D 04 37 01 00 00 46 24 30 8C E6 24 00 82 E0 AF 4A 05 37 01 00 00 Splashing Stone [1094] ((1025, 12, 1158))
E0 97 1D 04 37 01 00 00 DC C4 33 8A F6 24 00 02 80 56 4A 05 37 01 00 00 Big Border Boulder [1244] ((1022, 12, 1157))
08 9A 1D 04 37 01 00 00 DB 64 33 86 06 25 00 02 B0 55 4A 05 37 01 00 00 Border Boulder [1243] ((1019, 12, 1155))
20 9A 1D 04 37 01 00 00 FB 67 33 8A 16 25 00 02 E0 54 4A 05 37 01 00 00 Supersized Skull [2043] ((1019, 12, 1157))
38 9A 1D 04 37 01 00 00 0F 2A 33 86 24 25 00 02 10 54 4A 05 37 01 00 00 Leaves [2575] ((1017, 12, 1155))
A0 8C 1D 04 37 01 00 00 CD 69 33 24 34 25 00 02 60 68 4A 05 37 01 00 00 Lush Leaves [2509] ((1051, 12, 1138))
68 9A 1D 04 37 01 00 00 6B A4 33 22 44 25 00 02 90 67 4A 05 37 01 00 00 Splinters [1131] ((1053, 12, 1137))
80 9A 1D 04 37 01 00 00 6A E4 33 22 54 25 00 02 C0 66 4A 05 37 01 00 00 Pebbles [1130] ((1055, 12, 1137))
48 87 1D 04 37 01 00 00 54 21 30 22 66 25 00 02 30 DE 4A 05 37 01 00 00 Pebble Pile [340] ((1057, 12, 1137))
B0 9A 1D 04 37 01 00 00 6F 62 30 22 76 25 00 82 60 DD 4A 05 37 01 00 00 Spider Web [623] ((1059, 12, 1137))
C8 9A 1D 04 37 01 00 00 4E C1 30 22 86 25 00 02 90 DC 4A 05 37 01 00 00 Broken Barrel [334] ((1062, 12, 1137))
E0 9A 1D 04 37 01 00 00 99 05 31 22 96 25 00 02 C0 DB 4A 05 37 01 00 00 Capsized Crate [1433] ((1064, 12, 1137))
F8 9A 1D 04 37 01 00 00 32 60 31 22 A6 25 00 02 F0 DA 4A 05 37 01 00 00 Broken Barricade [50] ((1067, 12, 1137))
98 9A 1D 04 37 01 00 00 33 60 31 22 B6 25 00 02 F0 65 4A 05 37 01 00 00 Tattered Tent [51] ((1035, 12, 1137))
28 9B 1D 04 37 01 00 00 6E 04 31 22 C6 25 00 02 20 65 4A 05 37 01 00 00 Knight Oddments [1134] ((1032, 12, 1137))
40 9B 1D 04 37 01 00 00 6E C2 30 24 D6 25 00 02 50 64 4A 05 37 01 00 00 Broken Track [622] ((1030, 12, 1138))
58 9B 1D 04 37 01 00 00 85 40 30 22 E6 25 00 02 80 63 4A 05 37 01 00 00 Beastly Burrow [133] ((1026, 12, 1137))
A0 8F 1D 04 37 01 00 00 1C 45 33 1A F6 25 00 02 C0 18 4A 05 37 01 00 00 Pestilential Nest (Broken) [1308] ((1018, 12, 1133))
88 9B 1D 04 37 01 00 00 1B 45 33 22 06 26 00 02 F0 17 4A 05 37 01 00 00 Pestilential Nest [1307] ((1018, 12, 1137))
A0 9B 1D 04 37 01 00 00 0C C5 33 22 16 26 00 02 20 17 4A 05 37 01 00 00 Beastly Burrow (Broken) [1292] ((1022, 12, 1137))
F0 99 1D 04 37 01 00 00 03 80 31 12 24 26 00 02 10 AF 4A 05 37 01 00 00 Medicinal Shrub [3] ((1036, 12, 1161))
D0 9B 1D 04 37 01 00 00 39 C4 31 12 34 26 00 02 40 AE 4A 05 37 01 00 00 Blossoming Shrub [1081] ((1038, 12, 1161))
E8 9B 1D 04 37 01 00 00 3A 04 32 12 44 26 00 02 70 AD 4A 05 37 01 00 00 Oversized Shrub [1082] ((1040, 12, 1161))
00 9C 1D 04 37 01 00 00 9D 42 32 12 54 26 00 02 A0 AC 4A 05 37 01 00 00 Wheatgrass [669] ((1042, 12, 1161))
18 9C 1D 04 37 01 00 00 06 80 32 12 64 26 00 82 D0 AB 4A 05 37 01 00 00 Milkblossom [6] ((1044, 12, 1161))
30 9C 1D 04 37 01 00 00 A3 C5 32 12 74 26 00 82 00 AB 4A 05 37 01 00 00 Blackbell [1443] ((1046, 12, 1161))
48 9C 1D 04 37 01 00 00 A4 85 33 0C 84 26 00 82 30 AA 4A 05 37 01 00 00 Purplotus [1444] ((1052, 12, 1158))
60 9C 1D 04 37 01 00 00 04 C0 33 0C 94 26 00 82 60 A9 4A 05 37 01 00 00 Coralily [4] ((1054, 12, 1158))
40 77 1D 04 37 01 00 00 A5 05 30 0C A4 26 00 82 E0 24 4B 05 37 01 00 00 Scarletulip [1445] ((1056, 12, 1158))
90 9C 1D 04 37 01 00 00 A6 45 30 0C B4 26 00 82 10 24 4B 05 37 01 00 00 Emeraldahlia [1446] ((1058, 12, 1158))
A8 9C 1D 04 37 01 00 00 05 80 30 0C C4 26 00 82 40 23 4B 05 37 01 00 00 Daffodaisy [5] ((1060, 12, 1158))
C0 9C 1D 04 37 01 00 00 A7 C5 30 0C D4 26 00 82 70 22 4B 05 37 01 00 00 Ultramarose [1447] ((1062, 12, 1158))
D8 9C 1D 04 37 01 00 00 08 00 31 0C E4 26 00 02 A0 21 4B 05 37 01 00 00 Tingleweed [8] ((1064, 12, 1158))
F0 9C 1D 04 37 01 00 00 1D 43 31 0C F4 26 00 82 D0 20 4B 05 37 01 00 00 Milkblossom [Rare] [797] ((1066, 12, 1158))
08 9D 1D 04 37 01 00 00 83 88 31 0E 06 27 00 82 00 20 4B 05 37 01 00 00 Orb of Power [2179] ((1068, 12, 1159))
20 9D 1D 04 37 01 00 00 07 00 32 0C 14 27 00 02 30 1F 4B 05 37 01 00 00 Ivy [7] ((1072, 12, 1158))
38 9D 1D 04 37 01 00 00 A8 40 32 0C 24 27 00 02 60 1E 4B 05 37 01 00 00 Infernal Ivy [168] ((1074, 12, 1158))
50 9D 1D 04 37 01 00 00 7F 88 32 0E 36 27 00 82 90 1D 4B 05 37 01 00 00 Goldinoggin [2175] ((1076, 12, 1159))
00 00 00 00 00 00 00 00 28 E9 33 0C 44 27 00 02 50 16 4A 05 37 01 00 00 Fright Bulb [2344] ((959, 12, 1158))
50 91 1D 04 37 01 00 00 4B 25 30 0C 56 27 00 02 20 0A 4A 05 37 01 00 00 Portrait of a Princess [1355] ((961, 12, 1158))
98 9D 1D 04 37 01 00 00 2A 89 30 D2 66 27 00 02 50 09 4A 05 37 01 00 00 Cactiball [2346] ((964, 12, 1161))
B0 9D 1D 04 37 01 00 00 7F 00 30 52 76 27 00 02 80 08 4A 05 37 01 00 00 Dragonlord’s Standard [127] ((960, 12, 1161))
80 9D 1D 04 37 01 00 00 73 E5 33 98 86 27 00 02 80 15 4A 05 37 01 00 00 Guillotine [1395] ((959, 12, 1164))
E0 9D 1D 04 37 01 00 00 B9 67 33 54 9A 27 00 02 B0 14 4A 05 37 01 00 00 Stationary Statue [1977] ((955, 12, 1162))
F8 9D 1D 04 37 01 00 00 C3 69 33 0A A6 27 00 02 E0 13 4A 05 37 01 00 00 Great Sabrecat Statue [2499] ((955, 12, 1157))
10 9E 1D 04 37 01 00 00 C4 09 33 4E B6 27 00 02 10 13 4A 05 37 01 00 00 Knight Abhorrent Statue [2500] ((952, 12, 1159))
28 9E 1D 04 37 01 00 00 C5 29 33 06 C6 27 00 02 40 12 4A 05 37 01 00 00 Ghost Statue [2501] ((953, 12, 1155))
40 9E 1D 04 37 01 00 00 C6 89 32 48 D6 27 00 02 70 11 4A 05 37 01 00 00 Liquid Metal Soup [2502] ((948, 12, 1156))
58 9E 1D 04 37 01 00 00 C7 A9 32 02 E6 27 00 02 A0 10 4A 05 37 01 00 00 Merman Model [2503] ((949, 12, 1153))
70 9E 1D 04 37 01 00 00 C8 29 32 44 F6 27 00 02 D0 0F 4A 05 37 01 00 00 Medal King Slime’s Crown [2504] ((945, 12, 1154))
80 97 1D 04 37 01 00 00 C9 49 32 3E 06 28 00 02 E0 C5 49 05 37 01 00 00 Pocus Poppet Statue [2505] ((946, 12, 1151))
88 9E 1D 04 37 01 00 00 22 A0 31 02 16 28 00 02 00 0F 4A 05 37 01 00 00 Palm Tree [34] ((941, 12, 1153))
B8 9E 1D 04 37 01 00 00 2B 02 31 44 26 28 00 82 30 0E 4A 05 37 01 00 00 Big Palm Tree [555] ((936, 12, 1154))
A0 9E 1D 04 37 01 00 00 16 60 31 F8 36 28 00 02 10 C5 49 05 37 01 00 00 Tainted Tree [22] ((939, 12, 1148))
E8 9E 1D 04 37 01 00 00 2A 80 31 F4 46 28 00 02 40 C4 49 05 37 01 00 00 Dead Tree [42] ((940, 12, 1146))
00 9F 1D 04 37 01 00 00 FD 80 31 F0 54 28 00 02 70 C3 49 05 37 01 00 00 Blighted Branch [253] ((940, 12, 1144))
18 9F 1D 04 37 01 00 00 DD C0 31 EE 64 28 00 02 A0 C2 49 05 37 01 00 00 Branch [221] ((942, 12, 1143))
30 9F 1D 04 37 01 00 00 D0 05 32 EA 74 28 00 02 D0 C1 49 05 37 01 00 00 Banner of {player} [1488] ((944, 12, 1141))
48 9F 1D 04 37 01 00 00 85 49 32 E6 86 28 00 82 00 C1 49 05 37 01 00 00 Beacon of Erdrick [2437] ((946, 12, 1139))
60 9F 1D 04 37 01 00 00 81 A8 32 64 96 28 00 82 30 C0 49 05 37 01 00 00 Orb of Heroes [2177] ((949, 12, 1138))
78 9F 1D 04 37 01 00 00 82 68 32 1C A6 28 00 82 60 BF 49 05 37 01 00 00 Orb of Magic [2178] ((947, 12, 1134))
90 9F 1D 04 37 01 00 00 CC C9 31 5E B6 28 00 02 90 BE 49 05 37 01 00 00 Berserker Statue [2508] ((942, 12, 1135))
A8 9F 1D 04 37 01 00 00 CA A9 31 18 C6 28 00 02 C0 BD 49 05 37 01 00 00 Goodybag Statue [2506] ((941, 12, 1132))
C0 9F 1D 04 37 01 00 00 28 C9 31 12 D4 28 00 02 F0 BC 49 05 37 01 00 00 Fright Bulb [2344] ((942, 12, 1129))
D8 9F 1D 04 37 01 00 00 17 C0 31 0C E6 28 00 02 20 BC 49 05 37 01 00 00 Twisted Tree Trunk [23] ((942, 12, 1126))
F0 9F 1D 04 37 01 00 00 1E 60 31 50 F6 28 00 02 50 BB 49 05 37 01 00 00 Plumberry Stump [30] ((939, 12, 1128))
08 A0 1D 04 37 01 00 00 1B 20 31 0C 04 29 00 02 80 BA 49 05 37 01 00 00 Plumberry Seedling [27] ((937, 12, 1126))
20 A0 1D 04 37 01 00 00 1C E0 30 08 16 29 00 02 B0 B9 49 05 37 01 00 00 Plumberry Sapling [28] ((935, 12, 1124))
38 A0 1D 04 37 01 00 00 1D 00 31 02 26 29 00 02 E0 B8 49 05 37 01 00 00 Plumberry Tree [29] ((936, 12, 1121))
00 00 00 00 00 00 00 00 23 20 31 3E 36 29 00 02 70 04 4A 05 37 01 00 00 Palm Stump [35] ((937, 12, 1119))
68 A0 1D 04 37 01 00 00 20 40 31 3A 44 29 00 02 A0 03 4A 05 37 01 00 00 Palm Seedling [32] ((938, 12, 1117))
80 A0 1D 04 37 01 00 00 21 60 31 36 56 29 00 02 D0 02 4A 05 37 01 00 00 Palm Sapling [33] ((939, 12, 1115))
98 A0 1D 04 37 01 00 00 71 A4 31 32 66 29 00 02 00 02 4A 05 37 01 00 00 Silver Birch Stump [1137] ((941, 12, 1113))
B0 A0 1D 04 37 01 00 00 FC A3 31 2E 76 29 00 82 30 01 4A 05 37 01 00 00 Big Snowy Cedar [1020] ((941, 12, 1111))
C8 A0 1D 04 37 01 00 00 28 E0 31 28 86 29 00 82 60 00 4A 05 37 01 00 00 Snowy Cedar [40] ((943, 12, 1108))
E0 A0 1D 04 37 01 00 00 2A 02 32 28 96 29 00 82 90 FF 49 05 37 01 00 00 Big Cedar Tree [554] ((944, 12, 1108))
F8 A0 1D 04 37 01 00 00 26 20 32 26 A6 29 00 82 C0 FE 49 05 37 01 00 00 Cedar Tree [38] ((945, 12, 1107))
10 A1 1D 04 37 01 00 00 27 00 33 E2 B6 29 00 82 F0 FD 49 05 37 01 00 00 Cedar Stump [39] ((952, 12, 1105))
28 A1 1D 04 37 01 00 00 24 00 33 1C C4 29 00 82 20 FD 49 05 37 01 00 00 Cedar Seedling [36] ((952, 12, 1102))
40 A1 1D 04 37 01 00 00 25 E0 32 18 D6 29 00 82 50 FC 49 05 37 01 00 00 Cedar Sapling [37] ((951, 12, 1100))
58 A1 1D 04 37 01 00 00 83 24 33 14 E4 29 00 02 80 FB 49 05 37 01 00 00 Silver Birch Seedling [1155] ((953, 12, 1098))
70 A1 1D 04 37 01 00 00 84 44 33 0E F6 29 00 02 B0 FA 49 05 37 01 00 00 Silver Birch Sapling [1156] ((954, 12, 1095))
88 A1 1D 04 37 01 00 00 15 84 33 08 06 2A 00 82 E0 F9 49 05 37 01 00 00 Silver Birch Tree [1045] ((956, 12, 1092))
A0 A1 1D 04 37 01 00 00 85 E4 33 C8 16 2A 00 82 10 F9 49 05 37 01 00 00 Big Silver Birch Tree [1157] ((959, 12, 1092))
B8 A1 1D 04 37 01 00 00 F9 A0 33 8E 26 2A 00 02 40 F8 49 05 37 01 00 00 Cherry Blossom Tree [249] ((957, 12, 1095))
00 00 00 00 00 00 00 00 41 42 30 D2 36 2A 00 02 C0 F1 49 05 37 01 00 00 Withered Sapling [577] ((962, 12, 1097))
D0 A1 1D 04 37 01 00 00 42 E2 33 98 46 2A 00 02 70 F7 49 05 37 01 00 00 Big Withered Tree [578] ((959, 12, 1100))
E8 A1 1D 04 37 01 00 00 43 62 30 D8 56 2A 00 02 F0 F0 49 05 37 01 00 00 Withered Stump [579] ((963, 12, 1100))
18 A2 1D 04 37 01 00 00 09 2B 30 A0 64 2A 00 02 20 F0 49 05 37 01 00 00 Pine Seedling [2825] ((961, 12, 1104))
30 A2 1D 04 37 01 00 00 47 A2 30 E0 76 2A 00 02 50 EF 49 05 37 01 00 00 Withered Tree [583] ((965, 12, 1104))
48 A2 1D 04 37 01 00 00 08 2B 30 AC 86 2A 00 02 80 EE 49 05 37 01 00 00 Pine Sapling [2824] ((961, 12, 1110))
60 A2 1D 04 37 01 00 00 0A AB 30 F0 96 2A 00 02 B0 ED 49 05 37 01 00 00 Pine Tree [2826] ((965, 12, 1112))
78 A2 1D 04 37 01 00 00 17 4B 30 B6 A4 2A 00 02 E0 EC 49 05 37 01 00 00 Bamboo Shoot [2839] ((962, 12, 1115))
00 A2 1D 04 37 01 00 00 14 CB 33 76 B6 2A 00 02 A0 F6 49 05 37 01 00 00 Bamboo Base [2836] ((958, 12, 1115))
A8 A2 1D 04 37 01 00 00 15 CB 37 76 C6 2A 00 02 D0 F5 49 05 37 01 00 00 Bamboo Stem [2837] ((958, 13, 1115))
C0 A2 1D 04 37 01 00 00 16 CB 3B 76 D6 2A 00 02 00 F5 49 05 37 01 00 00 Bamboo Canopy [2838] ((958, 14, 1115))
D8 A2 1D 04 37 01 00 00 3F 62 33 74 E4 2A 00 02 30 F4 49 05 37 01 00 00 Spleenwort [575] ((955, 12, 1114))
F0 A2 1D 04 37 01 00 00 3C 24 33 FE F4 2A 00 02 60 F3 49 05 37 01 00 00 Big Bramble [1084] ((953, 12, 1119))
08 A3 1D 04 37 01 00 00 3D C4 32 7E 04 2B 00 02 90 F2 49 05 37 01 00 00 Bramble [1085] ((950, 12, 1119))
50 A0 1D 04 37 01 00 00 3B 84 33 C6 14 2B 00 82 10 B8 49 05 37 01 00 00 Reeds [1083] ((956, 12, 1123))
38 A3 1D 04 37 01 00 00 40 C4 33 CC 24 2B 00 02 40 B7 49 05 37 01 00 00 Fiddleheads [1088] ((958, 12, 1126))
50 A3 1D 04 37 01 00 00 41 A4 33 92 34 2B 00 82 70 B6 49 05 37 01 00 00 Glowdrop [1089] ((957, 12, 1129))
10 98 1D 04 37 01 00 00 45 C4 30 D4 44 2B 00 02 E0 6A 49 05 37 01 00 00 Acorn [1093] ((966, 12, 1130))
80 A3 1D 04 37 01 00 00 42 E4 30 0E 56 2B 00 02 10 6A 49 05 37 01 00 00 Blocky Branch [1090] ((967, 12, 1127))
98 A3 1D 04 37 01 00 00 43 64 31 D0 66 2B 00 02 40 69 49 05 37 01 00 00 Blocky Buttress Root [1091] ((971, 12, 1128))
B0 A3 1D 04 37 01 00 00 44 84 31 0A 76 2B 00 02 70 68 49 05 37 01 00 00 Blocky Root [1092] ((972, 12, 1125))
C8 A3 1D 04 37 01 00 00 0F E0 31 CA 84 2B 00 02 A0 67 49 05 37 01 00 00 Sandwort [15] ((975, 12, 1125))
E0 A3 1D 04 37 01 00 00 09 C0 32 C2 94 2B 00 82 D0 66 49 05 37 01 00 00 Cotton Plant [9] ((982, 12, 1121))
90 A2 1D 04 37 01 00 00 58 E1 32 3E A4 2B 00 02 10 EC 49 05 37 01 00 00 Pampas Grass [344] ((983, 12, 1119))
10 A4 1D 04 37 01 00 00 0C 00 33 3A B4 2B 00 82 40 EB 49 05 37 01 00 00 Fibrous Fern [12] ((984, 12, 1117))
28 A4 1D 04 37 01 00 00 0D 40 33 36 C4 2B 00 82 70 EA 49 05 37 01 00 00 Bigonia [13] ((986, 12, 1115))
40 A4 1D 04 37 01 00 00 0E A0 33 32 D4 2B 00 02 A0 E9 49 05 37 01 00 00 Pongsettia [14] ((989, 12, 1113))
58 A4 1D 04 37 01 00 00 10 E0 33 2C E6 2B 00 02 D0 E8 49 05 37 01 00 00 Prickly Peach Cactus [16] ((991, 12, 1110))
00 00 00 00 00 00 00 00 11 20 30 EA F6 2B 00 02 B0 07 4A 05 37 01 00 00 Cactus Crown [17] ((993, 12, 1109))
88 A4 1D 04 37 01 00 00 12 80 30 E8 06 2C 00 02 E0 06 4A 05 37 01 00 00 Cactus Trunk [18] ((996, 12, 1108))
A0 A4 1D 04 37 01 00 00 13 60 30 22 14 2C 00 02 10 06 4A 05 37 01 00 00 Witchgrass [19] ((995, 12, 1105))
B8 A4 1D 04 37 01 00 00 14 20 30 60 24 2C 00 02 40 05 4A 05 37 01 00 00 Bogwort [20] ((993, 12, 1104))
70 A4 1D 04 37 01 00 00 18 60 33 56 34 2C 00 02 00 E8 49 05 37 01 00 00 Freezia [24] ((987, 12, 1099))
E8 A4 1D 04 37 01 00 00 19 20 33 54 44 2C 00 02 30 E7 49 05 37 01 00 00 Septic Shrub [25] ((985, 12, 1098))
00 A5 1D 04 37 01 00 00 1A E0 32 50 54 2C 00 02 60 E6 49 05 37 01 00 00 Shadowgrass [26] ((983, 12, 1096))
18 A5 1D 04 37 01 00 00 6C A5 32 4C 64 2C 00 02 90 E5 49 05 37 01 00 00 Burnt Branch [1388] ((981, 12, 1094))
30 A5 1D 04 37 01 00 00 6D 65 32 48 74 2C 00 02 C0 E4 49 05 37 01 00 00 Singed Shrub [1389] ((979, 12, 1092))
48 A5 1D 04 37 01 00 00 6E 45 32 44 86 2C 00 82 F0 E3 49 05 37 01 00 00 Torched Tree [1390] ((978, 12, 1090))
60 A5 1D 04 37 01 00 00 60 62 31 8E 94 2C 00 02 20 E3 49 05 37 01 00 00 Gladiolus [608] ((971, 12, 1095))
78 A5 1D 04 37 01 00 00 42 C9 31 CA A4 2C 00 02 50 E2 49 05 37 01 00 00 Sunflowers [2370] ((974, 12, 1093))
90 A5 1D 04 37 01 00 00 38 09 32 90 B4 2C 00 02 80 E1 49 05 37 01 00 00 Wisteria Crown [2360] ((976, 12, 1096))
A8 A5 1D 04 37 01 00 00 39 A9 31 5C C4 2C 00 02 B0 E0 49 05 37 01 00 00 Wisteria Stem [2361] ((973, 12, 1102))
C0 A5 1D 04 37 01 00 00 3A 09 32 DE D4 2C 00 02 E0 DF 49 05 37 01 00 00 Wisteria Root [2362] ((976, 12, 1103))
D8 A5 1D 04 37 01 00 00 5F 82 32 E0 E4 2C 00 02 10 DF 49 05 37 01 00 00 Fan Fern [607] ((980, 12, 1104))
F0 A5 1D 04 37 01 00 00 3F 44 32 A8 F6 2C 00 02 40 DE 49 05 37 01 00 00 Coneconut Tree [1087] ((978, 12, 1108))
08 A6 1D 04 37 01 00 00 0C EA 32 E8 04 2D 00 02 70 DD 49 05 37 01 00 00 Holyhock [3/3] [2572] ((983, 12, 1108))
20 A6 1D 04 37 01 00 00 00 85 32 30 14 2D 00 02 A0 DC 49 05 37 01 00 00 Vineapple [1280] ((980, 12, 1112))
38 A6 1D 04 37 01 00 00 01 85 36 30 24 2D 00 82 D0 DB 49 05 37 01 00 00 Shineapple [1281] ((980, 13, 1112))
50 A6 1D 04 37 01 00 00 37 A4 32 30 34 2D 00 02 00 DB 49 05 37 01 00 00 Rose Leaves [1079] ((981, 12, 1112))
68 A6 1D 04 37 01 00 00 38 A4 36 30 44 2D 00 02 30 DA 49 05 37 01 00 00 Rose [1080] ((981, 13, 1112))
80 A6 1D 04 37 01 00 00 29 C9 32 30 54 2D 00 02 60 D9 49 05 37 01 00 00 Hydrangea [2345] ((982, 12, 1112))
98 A6 1D 04 37 01 00 00 6C A1 2D 2E 64 2D 00 02 90 D8 49 05 37 01 00 00 Water Lily Flower [364] ((973, 11, 1111))
B0 A6 1D 04 37 01 00 00 6D C1 2D 2E 74 2D 00 02 C0 D7 49 05 37 01 00 00 Lily Pad [365] ((974, 11, 1111))
C8 A6 1D 04 37 01 00 00 0B 00 2E F2 84 2D 00 02 F0 D6 49 05 37 01 00 00 Large Lily Pad [11] ((976, 11, 1113))
E0 A6 1D 04 37 01 00 00 8E 81 32 3A 94 2D 00 02 20 D6 49 05 37 01 00 00 Cabbage [4/4] [398] ((980, 12, 1117))
F8 A3 1D 04 37 01 00 00 8F 21 32 40 A4 2D 00 82 00 66 49 05 37 01 00 00 Red Cabbage [399] ((977, 12, 1120))
F8 A6 1D 04 37 01 00 00 BA C1 31 7E B4 2D 00 02 50 D5 49 05 37 01 00 00 Tomato [5/5] [442] ((974, 12, 1119))
28 A7 1D 04 37 01 00 00 86 61 31 7E C4 2D 00 02 80 D4 49 05 37 01 00 00 Wheat [4/4] [390] ((971, 12, 1119))
40 A7 1D 04 37 01 00 00 A0 21 31 7E D4 2D 00 02 B0 D3 49 05 37 01 00 00 Sugar Cane [4/4] [416] ((969, 12, 1119))
58 A7 1D 04 37 01 00 00 BB C1 30 7E E4 2D 00 82 E0 D2 49 05 37 01 00 00 Killer Tomato [443] ((966, 12, 1119))
10 A7 1D 04 37 01 00 00 D0 A1 30 88 F4 2D 00 02 30 65 49 05 37 01 00 00 Heatroot [4/4] [464] ((965, 12, 1124))
88 A7 1D 04 37 01 00 00 B5 41 30 46 04 2E 00 02 60 64 49 05 37 01 00 00 Pumpkin [6/6] [437] ((962, 12, 1123))
A0 A7 1D 04 37 01 00 00 8A 61 30 00 14 2E 00 02 90 63 49 05 37 01 00 00 Butterbeans [4/4] [394] ((963, 12, 1120))
68 A3 1D 04 37 01 00 00 AD A1 33 40 24 2E 00 02 A0 B5 49 05 37 01 00 00 Leek [3/3] [429] ((957, 12, 1120))
70 A7 1D 04 37 01 00 00 B6 01 30 FC 34 2E 00 82 10 D2 49 05 37 01 00 00 Plumpkin [438] ((960, 12, 1118))
D0 A7 1D 04 37 01 00 00 D1 E1 33 86 44 2E 00 82 D0 B4 49 05 37 01 00 00 White-Hot Heatroot [465] ((959, 12, 1123))
B8 A7 1D 04 37 01 00 00 C7 41 30 8C 54 2E 00 02 C0 62 49 05 37 01 00 00 Melon [6/6] [455] ((962, 12, 1126))
00 A8 1D 04 37 01 00 00 9C A1 33 58 64 2E 00 82 D0 BC 4B 05 37 01 00 00 Red-Hot Chilli Pepper [412] ((957, 12, 1132))
30 A8 1D 04 37 01 00 00 9B 61 33 56 74 2E 00 02 A0 BD 4B 05 37 01 00 00 Chilli Pepper [4/4] [411] ((955, 12, 1131))
48 A8 1D 04 37 01 00 00 BF 01 33 54 84 2E 00 02 70 BE 4B 05 37 01 00 00 Aubergette [5/5] [447] ((952, 12, 1130))
60 A8 1D 04 37 01 00 00 C8 C1 32 54 94 2E 00 82 40 BF 4B 05 37 01 00 00 Sunny-Hued Melon [456] ((950, 12, 1130))
78 A8 1D 04 37 01 00 00 B1 81 32 0C A4 2E 00 02 10 C0 4B 05 37 01 00 00 Potato [5/5] [433] ((948, 12, 1126))
90 A8 1D 04 37 01 00 00 A9 A1 32 06 B4 2E 00 02 E0 C0 4B 05 37 01 00 00 Coffee Beans [6/6] [425] ((949, 12, 1123))
A8 A8 1D 04 37 01 00 00 97 61 32 00 C4 2E 00 02 B0 C1 4B 05 37 01 00 00 Sweetcorn [5/5] [407] ((947, 12, 1120))
20 A3 1D 04 37 01 00 00 A4 A1 32 3A D4 2E 00 02 80 C2 4B 05 37 01 00 00 Strawberry [6/6] [420] ((949, 12, 1117))
D8 A8 1D 04 37 01 00 00 A5 E1 32 34 E4 2E 00 82 50 C3 4B 05 37 01 00 00 Moreberry [421] ((951, 12, 1114))
F0 A8 1D 04 37 01 00 00 CC 21 33 30 F4 2E 00 02 20 C4 4B 05 37 01 00 00 Rice [5/5] [460] ((953, 12, 1112))
08 A9 1D 04 37 01 00 00 93 E1 32 2A 04 2F 00 02 F0 C4 4B 05 37 01 00 00 Buckwheat [4/4] [403] ((951, 12, 1109))
20 A9 1D 04 37 01 00 00 89 40 33 E6 14 2F 00 02 C0 C5 4B 05 37 01 00 00 Pristine Plumberry [137] ((954, 12, 1107))
38 A9 1D 04 37 01 00 00 EF A1 33 E2 24 2F 00 02 90 C6 4B 05 37 01 00 00 Banana [495] ((957, 12, 1105))
50 A9 1D 04 37 01 00 00 58 6B 33 20 34 2F 00 82 60 C7 4B 05 37 01 00 00 Purple Anemone [2904] ((955, 12, 1104))
68 A9 1D 04 37 01 00 00 59 4B 33 1A 44 2F 00 82 30 C8 4B 05 37 01 00 00 Pink Anemone [2905] ((954, 12, 1101))
80 A9 1D 04 37 01 00 00 5B CB 32 0C 54 2F 00 82 00 C9 4B 05 37 01 00 00 Green Anemone [2907] ((950, 12, 1094))
98 A9 1D 04 37 01 00 00 5C 8B 32 06 64 2F 00 82 20 B7 4B 05 37 01 00 00 Yellow Anemone [2908] ((948, 12, 1091))
B0 A9 1D 04 37 01 00 00 5D 6B 32 00 74 2F 00 82 F0 B7 4B 05 37 01 00 00 Blue Anemone [2909] ((947, 12, 1088))
00 00 00 00 00 00 00 00 FE 24 32 3C 86 2F 00 02 C0 B8 4B 05 37 01 00 00 Rock Pile [1278] ((945, 12, 1086))
C8 A9 1D 04 37 01 00 00 FD E4 31 80 96 2F 00 02 90 B9 4B 05 37 01 00 00 Earth Pile [1277] ((943, 12, 1088))
E0 A9 1D 04 37 01 00 00 96 44 31 7E A6 2F 00 02 D0 A2 4B 05 37 01 00 00 Clam Shell [1174] ((938, 12, 1087))
F8 A9 1D 04 37 01 00 00 5A 2B 31 86 B4 2F 00 82 A0 A3 4B 05 37 01 00 00 Red Anemone [2906] ((937, 12, 1091))
28 AA 1D 04 37 01 00 00 22 C9 30 40 C6 2F 00 02 70 A4 4B 05 37 01 00 00 Upward-Pointing Vile Vines [2338] ((934, 12, 1088))
10 AA 1D 04 37 01 00 00 71 A8 30 34 D6 2F 00 02 40 A5 4B 05 37 01 00 00 Long Vile Vines [2161] ((933, 12, 1082))
58 AA 1D 04 37 01 00 00 7D 20 31 F0 E6 2F 00 02 10 A6 4B 05 37 01 00 00 Dragon Bones [125] ((937, 12, 1080))
70 AA 1D 04 37 01 00 00 7C 60 31 F8 F4 2F 00 82 E0 A6 4B 05 37 01 00 00 Bones [124] ((939, 12, 1084))
88 AA 1D 04 37 01 00 00 0D C2 31 F4 04 30 00 02 B0 A7 4B 05 37 01 00 00 Unidentified Dung [525] ((942, 12, 1082))
A0 AA 1D 04 37 01 00 00 6F 48 32 F0 16 30 00 02 10 CD 4B 05 37 01 00 00 Wide Vile Vines [2159] ((946, 12, 1080))
B8 AA 1D 04 37 01 00 00 6E 48 32 EE 26 30 00 02 E0 CD 4B 05 37 01 00 00 Budding Poxglove [2158] ((946, 12, 1079))
D0 AA 1D 04 37 01 00 00 70 E8 31 22 36 30 00 02 80 A8 4B 05 37 01 00 00 Small Vile Vines [2160] ((943, 12, 1073))
E8 AA 1D 04 37 01 00 00 6D 08 31 28 46 30 00 02 50 A9 4B 05 37 01 00 00 Blooming Poxglove [2157] ((936, 12, 1076))
00 AB 1D 04 37 01 00 00 38 C8 30 22 56 30 00 02 20 AA 4B 05 37 01 00 00 Twisting Tail [2104] ((934, 12, 1073))
18 AB 1D 04 37 01 00 00 23 A9 31 E6 66 30 00 02 F0 AA 4B 05 37 01 00 00 Vertical Vile Vines [2339] ((941, 12, 1075))
30 AB 1D 04 37 01 00 00 21 29 32 E6 76 30 00 02 C0 AB 4B 05 37 01 00 00 Downward-Pointing Vile Vines [2337] ((945, 12, 1075))
48 AB 1D 04 37 01 00 00 3E 84 32 E0 86 30 00 02 C0 D2 4B 05 37 01 00 00 Animal Bones [1086] ((948, 12, 1072))
60 AB 1D 04 37 01 00 00 FD 47 32 58 96 30 00 82 90 AC 4B 05 37 01 00 00 Enormous Eyeball [2045] ((946, 12, 1068))
78 AB 1D 04 37 01 00 00 00 A8 32 58 A6 30 00 02 60 D4 4B 05 37 01 00 00 Humongous Horn [2048] ((949, 12, 1068))
90 AB 1D 04 37 01 00 00 37 E8 32 1A B4 30 00 02 30 D5 4B 05 37 01 00 00 Freakish Fin [2103] ((951, 12, 1069))
A8 AB 1D 04 37 01 00 00 02 88 33 D2 C6 30 00 02 00 D6 4B 05 37 01 00 00 Big Bad Bottom Teeth [2050] ((956, 12, 1065))
C0 AB 1D 04 37 01 00 00 FC 07 33 52 D6 30 00 02 D0 D6 4B 05 37 01 00 00 Terrible Talon [2044] ((952, 12, 1065))
D8 AB 1D 04 37 01 00 00 2C E0 32 0C E6 30 00 02 A0 D7 4B 05 37 01 00 00 Huge Horn [44] ((951, 12, 1062))
F0 AB 1D 04 37 01 00 00 01 08 32 48 F6 30 00 02 60 AD 4B 05 37 01 00 00 Titanic Top Teeth [2049] ((944, 12, 1060))
00 00 00 00 00 00 00 00 84 A0 31 F4 06 31 00 02 30 AE 4B 05 37 01 00 00 Evil Idol [132] ((941, 12, 1050))
08 AC 1D 04 37 01 00 00 A5 80 31 40 16 31 00 02 00 AF 4B 05 37 01 00 00 Cantlin Shield [165] ((940, 12, 1056))
38 AC 1D 04 37 01 00 00 70 C1 31 88 26 31 00 02 D0 AF 4B 05 37 01 00 00 She-Slimespawn [368] ((942, 12, 1060))
50 AC 1D 04 37 01 00 00 FC 09 31 50 36 31 00 82 A0 B0 4B 05 37 01 00 00 Slimespawn [2556] ((936, 12, 1064))
20 AC 1D 04 37 01 00 00 29 00 33 F8 46 31 00 02 70 B1 4B 05 37 01 00 00 Pumice [41] ((952, 12, 1052))
80 AC 1D 04 37 01 00 00 7A 60 33 F6 56 31 00 02 40 B2 4B 05 37 01 00 00 Small Stones [122] ((955, 12, 1051))
98 AC 1D 04 37 01 00 00 7B C0 33 F6 66 31 00 82 20 DE 4B 05 37 01 00 00 Big Rock [123] ((958, 12, 1051))
B0 AC 1D 04 37 01 00 00 40 C2 33 FC 76 31 00 02 F0 DE 4B 05 37 01 00 00 Mossy Stones [576] ((958, 12, 1054))
00 00 00 00 00 00 00 00 49 22 30 FE 86 31 00 02 C0 DF 4B 05 37 01 00 00 Mossy Rock [585] ((961, 12, 1055))
00 00 00 00 00 00 00 00 C5 83 30 8A 96 31 00 82 90 E0 4B 05 37 01 00 00 Burning Rock [965] ((964, 12, 1061))
F8 AC 1D 04 37 01 00 00 05 E5 30 C4 A6 31 00 02 60 E1 4B 05 37 01 00 00 Supermassive Mushroom Cap [1285] ((967, 12, 1058))
E0 AC 1D 04 37 01 00 00 04 E5 30 3E B6 31 00 02 30 E2 4B 05 37 01 00 00 Massive Mushroom Cap [1284] ((967, 12, 1055))
28 AD 1D 04 37 01 00 00 15 60 31 FE C4 31 00 02 B0 E8 4B 05 37 01 00 00 Frogstool [21] ((971, 12, 1055))
40 AD 1D 04 37 01 00 00 02 25 31 38 D4 31 00 02 00 E3 4B 05 37 01 00 00 Glumgus [1282] ((969, 12, 1052))
58 AD 1D 04 37 01 00 00 0A 80 31 32 E4 31 00 02 D0 E3 4B 05 37 01 00 00 Marshroom [10] ((972, 12, 1049))
70 AD 1D 04 37 01 00 00 6B 28 31 6E F6 31 00 02 A0 E4 4B 05 37 01 00 00 Floating Fragments [2155] ((969, 12, 1047))
88 AD 1D 04 37 01 00 00 48 82 31 28 06 32 00 02 70 E5 4B 05 37 01 00 00 Rocky Column [584] ((972, 12, 1044))
A0 AD 1D 04 37 01 00 00 6D 04 31 62 16 32 00 02 40 E6 4B 05 37 01 00 00 Magic Outcrop [1133] ((968, 12, 1041))
B8 AD 1D 04 37 01 00 00 5F 81 30 6A 26 32 00 02 10 E7 4B 05 37 01 00 00 Colossal Crag [351] ((964, 12, 1045))
D0 AD 1D 04 37 01 00 00 60 61 30 1E 36 32 00 02 E0 E7 4B 05 37 01 00 00 Crag [352] ((963, 12, 1039))
E8 AD 1D 04 37 01 00 00 06 05 31 1A 46 32 00 02 80 E9 4B 05 37 01 00 00 Sizeable Stalagmite [1286] ((968, 12, 1037))
00 AE 1D 04 37 01 00 00 07 C5 30 14 56 32 00 02 50 EA 4B 05 37 01 00 00 Stalagmites [1287] ((966, 12, 1034))
18 AE 1D 04 37 01 00 00 03 45 30 58 66 32 00 02 20 EB 4B 05 37 01 00 00 Massive Mushroom Stem [1283] ((962, 12, 1036))
C8 AC 1D 04 37 01 00 00 4C EB 33 9C 74 32 00 02 10 B3 4B 05 37 01 00 00 Red Seagrass [2892] ((959, 12, 1038))
48 AE 1D 04 37 01 00 00 48 A1 33 16 84 32 00 02 E0 B3 4B 05 37 01 00 00 Scallywinkle [328] ((957, 12, 1035))
30 AE 1D 04 37 01 00 00 32 07 30 10 94 32 00 82 B0 B4 4B 05 37 01 00 00 Seaweed [1842] ((960, 12, 1032))
78 AE 1D 04 37 01 00 00 51 8B 30 D0 A4 32 00 02 80 B5 4B 05 37 01 00 00 Seagrass [2897] ((964, 12, 1032))
90 AE 1D 04 37 01 00 00 52 4B 30 0A B6 32 00 02 50 B6 4B 05 37 01 00 00 Basalt Blob [2898] ((962, 12, 1029))
60 AE 1D 04 37 01 00 00 4A A1 33 4E C6 32 00 02 60 BA 4B 05 37 01 00 00 Driftlumber [330] ((957, 12, 1031))
C0 AE 1D 04 37 01 00 00 4B E1 33 06 D4 32 00 02 30 87 4B 05 37 01 00 00 Driftwood [331] ((959, 12, 1027))
D8 AE 1D 04 37 01 00 00 4F 41 33 40 E4 32 00 02 00 88 4B 05 37 01 00 00 Starfish [335] ((954, 12, 1024))
F0 AE 1D 04 37 01 00 00 50 41 33 86 F6 32 00 02 D0 88 4B 05 37 01 00 00 Seaslime Shell [336] ((954, 12, 1027))
08 AF 1D 04 37 01 00 00 4C 21 33 8C 04 33 00 02 A0 89 4B 05 37 01 00 00 Seaside Seaweed [332] ((953, 12, 1030))
20 AF 1D 04 37 01 00 00 3C 02 33 92 14 33 00 02 70 8A 4B 05 37 01 00 00 Seaweed Stack [572] ((952, 12, 1033))
38 AF 1D 04 37 01 00 00 4F CB 32 96 26 33 00 02 40 8B 4B 05 37 01 00 00 Pillar Coral [2895] ((950, 12, 1035))
50 AF 1D 04 37 01 00 00 A4 C3 32 9C 34 33 00 02 10 8C 4B 05 37 01 00 00 Coral [932] ((950, 12, 1038))
68 AF 1D 04 37 01 00 00 28 A7 32 A2 44 33 00 02 E0 8C 4B 05 37 01 00 00 White Coral [1832] ((949, 12, 1041))
80 AF 1D 04 37 01 00 00 29 27 32 5E 54 33 00 02 B0 8D 4B 05 37 01 00 00 Black Coral [1833] ((945, 12, 1039))
98 AF 1D 04 37 01 00 00 2A 07 32 A8 64 33 00 02 80 8E 4B 05 37 01 00 00 Purple Coral [1834] ((944, 12, 1044))
B0 AF 1D 04 37 01 00 00 2C E7 31 1E 74 33 00 02 50 8F 4B 05 37 01 00 00 Red Coral [1836] ((943, 12, 1039))
C8 AF 1D 04 37 01 00 00 2D 87 31 64 84 33 00 02 20 90 4B 05 37 01 00 00 Green Coral [1837] ((940, 12, 1042))
E0 AF 1D 04 37 01 00 00 2E A7 31 AA 94 33 00 02 F0 90 4B 05 37 01 00 00 Yellow Coral [1838] ((941, 12, 1045))
F8 AF 1D 04 37 01 00 00 2F E7 31 AE A4 33 00 02 C0 91 4B 05 37 01 00 00 Blue Coral [1839] ((943, 12, 1047))
10 B0 1D 04 37 01 00 00 25 A7 32 F0 B6 33 00 02 10 DA 4B 05 37 01 00 00 Green Coral Colony [1829] ((949, 12, 1048))
28 B0 1D 04 37 01 00 00 26 47 33 E8 C6 33 00 02 E0 DA 4B 05 37 01 00 00 Yellow Coral Colony [1830] ((954, 12, 1044))
40 B0 1D 04 37 01 00 00 27 27 33 24 D6 33 00 02 B0 DB 4B 05 37 01 00 00 Blue Coral Colony [1831] ((953, 12, 1042))
58 B0 1D 04 37 01 00 00 4D CB 33 E6 E4 33 00 82 80 DC 4B 05 37 01 00 00 Anemone [2893] ((958, 12, 1043))
A8 AE 1D 04 37 01 00 00 57 2B 30 AE F4 33 00 82 70 FF 4B 05 37 01 00 00 Black Anemone [2903] ((961, 12, 1047))
88 B0 1D 04 37 01 00 00 56 4B 30 B2 04 34 00 82 40 00 4C 05 37 01 00 00 White Anemone [2902] ((962, 12, 1049))
A0 B0 1D 04 37 01 00 00 24 C7 30 F2 16 34 00 02 10 01 4C 05 37 01 00 00 Red Coral Colony [1828] ((966, 12, 1049))
B8 B0 1D 04 37 01 00 00 22 87 31 16 26 34 00 02 E0 01 4C 05 37 01 00 00 Purple Coral Colony [1826] ((972, 12, 1035))
D0 B0 1D 04 37 01 00 00 21 07 32 DA 36 34 00 02 B0 02 4C 05 37 01 00 00 Black Coral Colony [1825] ((976, 12, 1037))
E8 B0 1D 04 37 01 00 00 20 07 32 12 46 34 00 02 80 03 4C 05 37 01 00 00 White Coral Colony [1824] ((976, 12, 1033))
00 B1 1D 04 37 01 00 00 A5 A3 31 08 56 34 00 02 50 04 4C 05 37 01 00 00 Colossal Coral [933] ((973, 12, 1028))
00 00 00 00 00 00 00 00 EF E9 30 3E 66 34 00 02 50 DD 4B 05 37 01 00 00 Builder’s Workbench Lv. MAX [2543] ((967, 12, 1023))
80 B2 1D 04 37 01 00 00 0D 85 2D 26 74 34 00 80 F0 9D 4B 05 37 01 00 00 Fire [1293] ((972, 11, 1011))
68 B2 1D 04 37 01 00 00 0D 85 2D 24 84 34 00 80 20 9D 4B 05 37 01 00 00 Fire [1293] ((972, 11, 1010))
48 B1 1D 04 37 01 00 00 0D 85 2D 28 94 34 00 80 C0 9E 4B 05 37 01 00 00 Fire [1293] ((972, 11, 1012))
60 B1 1D 04 37 01 00 00 0D 65 2D 26 A4 34 00 80 90 92 4B 05 37 01 00 00 Fire [1293] ((971, 11, 1011))
C8 B2 1D 04 37 01 00 00 0D A5 2D 26 B4 34 00 80 60 A0 4B 05 37 01 00 00 Fire [1293] ((973, 11, 1011))
78 B1 1D 04 37 01 00 00 0D A5 2D 24 C4 34 00 80 90 9F 4B 05 37 01 00 00 Fire [1293] ((973, 11, 1010))
C0 B1 1D 04 37 01 00 00 0D A5 2D 28 D4 34 00 80 D0 95 4B 05 37 01 00 00 Fire [1293] ((973, 11, 1012))
E0 B2 1D 04 37 01 00 00 0D 65 2D 28 E4 34 00 80 A0 96 4B 05 37 01 00 00 Fire [1293] ((971, 11, 1012))
30 B1 1D 04 37 01 00 00 0D 45 2D 22 F4 34 00 80 10 99 4B 05 37 01 00 00 Fire [1293] ((970, 11, 1009))
08 B2 1D 04 37 01 00 00 0D 45 2D 24 04 35 00 80 E0 99 4B 05 37 01 00 00 Fire [1293] ((970, 11, 1010))
20 B2 1D 04 37 01 00 00 0D 45 2D 26 14 35 00 80 B0 9A 4B 05 37 01 00 00 Fire [1293] ((970, 11, 1011))
38 B2 1D 04 37 01 00 00 0D 65 2D 24 24 35 00 80 80 9B 4B 05 37 01 00 00 Fire [1293] ((971, 11, 1010))
50 B2 1D 04 37 01 00 00 0D 85 2D 22 34 35 00 80 50 9C 4B 05 37 01 00 00 Fire [1293] ((972, 11, 1009))
98 B2 1D 04 37 01 00 00 0D 45 2D 28 44 35 00 80 60 93 4B 05 37 01 00 00 Fire [1293] ((970, 11, 1012))
B0 B2 1D 04 37 01 00 00 0D 65 2D 22 54 35 00 80 00 95 4B 05 37 01 00 00 Fire [1293] ((971, 11, 1009))
90 B1 1D 04 37 01 00 00 0D A5 2D 22 64 35 00 80 30 94 4B 05 37 01 00 00 Fire [1293] ((973, 11, 1009))
A8 B1 1D 04 37 01 00 00 C4 28 30 26 76 35 00 02 40 98 4B 05 37 01 00 00 Rusty Wrecking Ball [2244] ((961, 12, 1011))
00 00 00 00 00 00 00 00 C5 A0 33 66 86 35 00 02 70 97 4B 05 37 01 00 00 Wrecking Ball [197] ((957, 12, 1011))